345	100	6
576	43	2
318	151	3
232	100	3
432	155	6
675	409	2
439	343	3
116	1	2
443	115	7
408	333	12
895	79	2
285	194	2
878	205	4
746	210	3
705	105	2
525	105	19
447	15	50
770	99	2
830	276	2
336	236	26
234	173	2
211	11	7
446	104	20
273	17	7
646	17	2
937	282	2
754	279	13
274	1	18
0	1	3
845	117	5
101	30	3
808	15	3
684	117	2
403	360	6
185	220	2
585	234	2
669	30	5
610	83	7
502	67	7
948	225	2
650	42	27
323	43	3
36	162	2
531	204	10
860	151	3
1134	107	4
644	87	2
153	315	12
443	371	5
407	12	2
812	349	4
529	14	2
616	160	2
490	232	2
565	42	4
69	123	7
651	67	3
465	24	2
89	98	27
339	366	11
937	394	3
388	132	10
447	3	4
163	128	25
743	234	5
725	188	5
905	4	3
774	188	6
586	120	2
819	327	2
412	131	9
1084	58	4
879	257	2
173	82	4
1076	43	7
389	11	3
1078	100	2
1193	128	4
244	178	3
103	271	2
951	231	3
1060	272	2
344	167	4
179	328	21
656	111	4
736	129	6
178	79	4
125	104	2
602	294	4
233	119	2
1109	263	4
864	25	6
906	46	2
428	234	2
855	12	10
1048	162	2
402	39	3
10	72	7
235	2	6
716	274	5
59	51	55
341	227	5
180	233	2
453	105	7
229	204	2
838	328	2
1134	152	4
899	82	3
524	24	2
918	82	2
877	209	2
5	33	3
736	96	8
398	320	3
721	30	6
179	336	61
998	309	3
748	119	4
509	119	5
1063	50	14
840	408	9
471	117	4
463	68	2
1106	65	7
926	280	5
512	132	8
836	44	3
88	42	32
420	41	2
8	62	3
486	118	3
235	29	3
248	204	5
249	102	2
879	217	9
1145	127	2
1045	183	12
62	12	9
391	392	34
248	114	3
36	124	4
19	117	2
756	122	3
828	153	2
74	226	3
198	222	2
750	77	2
992	23	2
1116	261	2
31	150	2
423	2	2
586	360	14
314	156	3
1173	335	2
107	171	4
485	12	6
516	378	2
67	75	6
314	155	2
542	225	4
1096	110	2
642	42	104
909	105	2
919	129	3
460	335	2
672	13	4
793	23	39
982	201	2
1028	324	2
737	206	3
987	291	6
1046	26	4
381	150	12
424	12	9
527	135	2
988	42	3
256	219	8
1164	63	7
751	73	2
78	166	8
836	42	6
694	96	4
548	324	2
137	43	4
49	3	2
415	2	27
1149	289	17
806	33	8
158	76	3
1177	302	3
584	98	4
501	104	5
842	110	2
622	12	2
401	381	9
585	151	9
868	63	8
866	265	2
710	204	2
652	266	3
93	118	7
1107	101	2
382	96	2
592	32	10
742	404	3
1018	77	2
549	27	2
906	190	13
941	42	2
316	182	3
608	389	3
384	99	5
566	106	2
388	33	4
779	96	4
994	212	30
1011	155	2
267	367	3
128	86	7
572	43	2
235	33	2
269	188	3
1123	141	9
1174	119	2
505	196	2
159	163	2
235	68	3
1182	164	2
145	51	9
328	335	2
729	49	2
721	386	20
893	65	3
1143	188	3
801	166	2
28	140	3
991	275	4
643	347	3
640	264	2
1058	12	6
567	359	2
968	216	2
879	51	14
453	254	2
987	4	8
74	71	2
947	331	2
476	352	2
363	103	3
762	149	12
1119	51	2
262	138	3
984	188	4
939	209	11
964	154	2
919	240	2
869	151	3
721	236	14
280	4	14
750	42	6
153	114	17
137	23	5
901	337	5
475	292	3
951	210	3
17	106	6
935	72	2
507	5	6
230	309	16
1055	261	3
125	292	3
948	408	3
572	4	2
1146	155	2
739	99	2
5	38	4
1022	69	10
966	308	2
929	386	2
62	15	2
127	118	2
657	233	3
956	389	2
584	155	3
540	104	3
379	12	5
34	99	3
1138	263	2
871	210	11
77	96	2
1012	105	6
943	68	3
559	68	4
819	211	17
370	26	2
1053	71	4
1080	96	8
94	96	2
168	303	2
318	128	2
159	98	2
141	43	3
446	162	3
832	187	9
687	339	2
1078	74	2
697	325	4
247	158	3
249	128	4
657	272	3
89	51	8
366	51	2
872	81	8
108	276	2
932	101	48
422	129	5
19	119	4
990	159	7
443	65	5
774	292	3
993	104	2
560	37	20
594	152	2
604	231	3
574	137	3
404	204	2
1047	313	3
770	140	2
604	105	4
370	43	3
100	42	7
764	324	2
677	33	3
1166	343	2
52	65	3
675	61	2
1009	105	3
785	285	2
322	15	5
346	173	9
772	294	11
431	119	13
288	105	4
167	95	6
1071	101	6
687	51	3
593	243	5
925	82	3
934	383	12
52	155	3
871	200	6
942	150	3
152	135	2
875	12	2
286	273	28
867	167	2
902	307	2
148	11	7
165	100	4
675	103	4
550	2	2
359	341	23
1125	120	14
1174	227	6
1026	43	4
1144	175	3
553	8	4
1026	79	3
1148	241	7
0	2	5
825	42	2
710	290	26
1140	96	2
97	260	6
460	173	2
18	22	2
755	75	10
1053	270	2
528	156	2
1154	69	4
173	141	2
400	221	18
737	151	19
414	12	2
1173	400	2
77	230	5
72	129	2
460	43	3
173	239	9
600	42	2
491	65	14
483	155	2
1170	94	12
892	82	4
1192	251	2
843	188	2
50	95	3
33	158	4
1089	167	31
311	106	6
965	27	7
858	178	4
831	39	5
982	73	4
190	112	2
518	150	29
1066	387	4
718	42	20
876	204	10
1158	327	2
879	162	2
267	2	3
810	42	16
979	86	4
565	43	4
597	132	4
333	129	6
355	79	4
1069	390	14
1007	79	4
756	188	7
100	265	2
462	289	2
764	74	8
121	288	3
835	23	2
345	99	3
1012	155	3
171	218	4
719	306	4
931	83	12
801	347	12
313	15	2
319	333	2
854	42	3
292	272	3
88	234	20
295	96	8
478	43	8
116	30	3
748	70	3
613	279	3
276	151	12
1104	135	5
25	95	2
111	142	24
2	16	8
1044	43	4
23	98	3
252	132	3
161	101	2
380	378	2
885	151	3
925	99	2
308	79	3
798	136	2
1052	388	12
519	292	4
1092	108	2
194	68	15
467	241	6
337	66	5
137	187	2
682	69	7
1138	125	5
907	60	7
430	234	4
949	117	4
1099	203	2
331	33	3
1143	151	12
679	250	7
504	232	3
356	51	5
847	97	54
84	118	2
698	229	6
344	117	47
287	4	9
514	114	2
670	249	3
999	138	2
1147	10	2
201	68	9
84	234	3
651	171	2
1068	370	2
1034	100	2
866	374	2
1136	103	5
978	51	6
1065	388	43
693	99	3
194	124	12
175	150	8
226	42	18
638	307	10
560	42	12
927	181	3
1043	95	2
1190	104	2
348	336	2
869	378	2
1030	204	2
348	42	6
1121	293	3
553	45	3
780	74	3
53	97	52
529	48	2
258	192	4
531	236	3
832	12	5
210	198	15
480	79	2
1082	262	2
1150	68	24
899	292	2
228	225	2
364	98	2
397	187	3
410	281	8
1003	217	6
300	99	47
338	105	5
213	150	11
1069	79	5
779	119	2
439	95	3
248	79	3
959	233	7
5	42	8
607	42	26
779	217	85
741	43	2
969	165	19
452	39	2
1058	97	6
675	109	2
906	315	3
311	12	11
441	151	5
638	170	4
714	66	9
1153	169	2
1109	69	7
500	81	11
81	89	7
1139	139	3
4	23	12
474	34	4
470	33	23
321	187	8
1036	155	2
0	5	3
472	263	5
815	194	3
363	178	9
793	24	5
1181	10	15
579	17	5
222	96	2
513	195	2
964	141	5
313	150	2
327	132	12
845	292	30
699	152	5
83	241	2
389	39	5
855	125	3
407	159	3
82	66	4
41	173	13
1128	77	16
153	189	35
174	93	5
1025	10	3
632	65	2
670	330	4
318	381	5
213	42	8
86	71	5
66	95	10
121	98	2
729	323	3
1063	51	6
168	26	3
299	96	4
516	10	15
490	12	12
377	162	19
706	343	6
187	26	4
504	159	2
583	28	2
206	135	3
542	137	2
744	165	2
1098	105	5
1121	96	7
756	377	4
8	64	2
654	125	4
793	195	21
447	68	32
535	51	12
660	167	4
1050	101	8
785	162	2
319	11	8
544	312	4
454	209	2
733	236	4
422	4	3
740	173	2
26	3	15
622	15	4
221	11	2
5	8	3
120	15	2
219	68	2
369	210	2
959	347	3
176	237	4
385	11	2
58	204	2
1085	42	2
17	109	19
23	41	2
758	367	2
305	267	31
925	80	2
533	128	2
597	258	7
1163	370	3
548	51	31
957	382	3
426	236	4
736	251	6
197	124	4
896	42	2
1015	131	7
887	81	2
549	206	4
379	266	4
347	65	2
401	69	16
535	36	6
174	205	2
841	188	12
585	89	3
129	24	2
607	215	2
374	168	3
1076	46	2
793	242	4
241	189	2
595	227	17
549	47	3
126	238	3
527	51	3
843	51	2
316	385	3
211	10	3
721	82	22
773	327	3
226	231	6
212	304	11
400	29	6
709	287	2
741	71	4
785	110	3
126	19	7
271	267	2
4	25	8
854	149	8
53	193	2
635	406	2
631	95	7
676	24	7
1156	231	2
848	352	12
39	169	2
572	129	5
359	124	4
451	151	4
728	24	15
1045	248	5
317	4	3
111	100	6
357	125	2
364	53	6
836	11	6
939	331	4
260	38	2
793	125	2
14	93	3
900	150	2
956	43	2
371	161	2
298	150	2
1036	210	10
1176	166	2
114	282	135
828	298	2
966	90	3
703	0	6
818	41	2
648	396	4
1087	101	11
1160	135	13
323	214	3
1001	128	8
779	206	4
300	63	5
961	380	2
640	33	7
375	231	3
552	65	2
1087	409	3
675	65	5
102	9	8
480	271	8
911	216	4
1047	24	2
907	150	55
507	120	2
1044	408	2
410	26	3
706	119	6
73	23	21
866	13	5
777	51	2
1176	117	5
1184	239	5
996	349	2
864	89	2
230	141	3
1046	195	15
976	65	6
785	68	4
741	266	5
1124	275	4
75	51	6
570	151	3
301	345	4
159	16	4
567	114	17
1144	271	8
1042	114	2
523	145	2
274	129	11
133	96	4
100	26	3
231	162	2
187	343	5
878	53	6
876	160	2
564	42	2
184	234	3
453	28	4
52	157	2
250	104	4
642	44	2
753	114	2
1041	22	9
298	15	5
633	257	2
260	118	3
400	77	21
1124	32	2
942	114	4
473	237	39
515	117	3
584	4	2
587	33	4
1127	149	4
28	96	3
515	298	2
604	171	2
829	322	2
736	168	2
380	234	2
1077	8	5
330	175	2
110	256	4
484	225	2
976	245	2
272	359	57
586	122	3
579	28	4
878	405	14
984	151	2
700	101	2
501	47	2
735	4	3
418	11	3
914	232	18
761	43	5
1047	144	7
1174	2	2
1122	38	4
409	152	22
222	73	2
584	117	58
1028	71	2
601	42	8
949	43	7
563	349	5
49	185	2
625	15	3
499	238	18
405	98	2
521	400	2
977	149	3
934	42	12
265	212	2
1193	99	2
872	67	2
898	10	6
258	159	7
887	329	3
137	184	2
252	30	3
116	285	2
119	42	2
297	117	2
1081	50	3
987	233	3
642	38	3
1009	370	2
262	178	11
724	23	4
1112	131	2
275	12	3
1184	132	2
645	257	5
1040	28	4
996	217	9
726	150	6
645	103	2
269	100	4
832	26	10
158	77	2
1032	14	10
1099	148	5
342	2	5
452	24	6
1168	189	3
467	102	2
407	63	2
940	292	8
478	44	14
597	33	6
809	56	3
1094	248	21
740	24	12
1152	251	2
93	254	3
899	69	4
846	151	2
491	89	3
833	61	48
810	3	2
550	285	3
169	106	6
720	292	2
34	160	3
835	3	7
47	17	4
759	182	4
1177	331	33
143	308	4
491	317	3
132	177	3
725	231	2
334	184	2
305	117	5
368	70	10
1072	410	10
45	160	4
309	317	2
235	200	6
1108	43	4
835	195	2
747	105	14
806	236	14
342	10	25
768	24	2
988	341	9
205	194	9
338	68	9
184	104	6
228	178	2
678	150	3
1049	238	25
258	71	3
412	188	3
890	92	17
338	196	2
986	341	6
215	213	24
967	204	3
393	128	2
849	405	2
368	43	3
487	1	10
1047	106	3
206	350	2
223	7	3
353	28	46
1110	66	6
1170	105	13
1158	118	2
923	156	3
555	69	5
340	23	18
972	101	3
141	144	32
165	101	7
400	132	2
903	15	2
243	69	4
635	193	2
1165	2	2
1138	15	4
310	115	4
233	128	3
347	266	6
1159	98	2
429	342	8
651	68	12
516	11	3
420	342	2
618	39	5
844	269	14
520	218	7
1062	75	7
56	199	2
709	245	2
857	248	4
1103	101	4
729	385	2
129	178	2
164	161	3
578	119	3
709	150	2
182	338	2
389	391	3
91	129	2
238	73	5
827	215	9
635	162	2
554	2	8
102	268	2
1142	142	43
793	225	4
375	51	4
1156	331	7
926	42	4
955	101	4
616	263	8
488	389	7
310	114	18
703	324	2
55	62	2
1053	314	2
1060	181	5
628	33	2
340	17	2
83	1	8
849	292	8
26	42	3
104	1	3
890	93	10
658	104	7
965	51	8
151	12	18
1047	254	4
730	84	3
935	82	3
792	110	2
998	302	2
443	42	7
433	342	10
227	8	4
792	392	9
150	24	2
498	311	5
687	1	9
576	39	10
630	406	2
859	104	13
1063	111	3
30	146	2
214	105	2
1056	151	6
1185	89	3
644	298	3
951	47	4
934	380	10
139	12	13
533	384	3
443	333	5
508	26	6
449	29	14
574	195	4
404	112	2
665	8	2
259	269	2
630	81	11
270	151	2
168	33	4
1055	105	7
1150	17	3
611	30	3
582	91	9
805	269	8
1120	197	8
1111	104	13
687	98	4
1188	151	4
1115	270	4
663	8	3
157	322	17
8	60	19
1115	365	5
881	15	2
606	171	41
520	159	3
875	45	2
943	311	10
344	189	2
306	178	2
931	98	2
599	93	6
1093	160	9
784	380	3
50	189	7
669	7	8
671	128	2
786	95	9
597	5	2
459	187	2
445	296	4
1157	147	3
230	95	3
428	164	2
1179	51	2
946	69	14
989	100	3
215	258	2
845	51	3
227	356	5
1067	51	3
160	155	5
194	12	2
18	113	7
629	242	3
525	161	22
1170	63	2
336	42	51
526	362	2
546	30	2
174	188	11
840	115	11
526	377	2
139	125	2
1173	70	5
261	248	5
187	23	28
77	228	2
467	250	2
1176	288	2
28	105	7
385	245	2
241	210	4
535	133	4
56	198	3
65	143	7
719	12	3
768	30	3
694	221	8
666	26	3
418	266	4
959	51	8
1145	119	5
280	51	5
495	234	13
683	159	3
412	19	2
675	114	12
1153	379	2
912	369	5
32	51	5
1041	159	2
1139	68	8
57	39	7
973	119	2
1005	89	5
498	33	3
104	96	3
1136	51	2
160	323	3
113	42	4
803	167	2
791	208	40
503	216	18
550	167	10
1052	11	21
1161	128	2
107	105	3
1078	154	3
1166	105	5
882	116	2
260	10	4
191	24	9
851	210	2
74	51	4
896	355	2
1175	266	5
410	68	2
591	68	2
258	164	2
392	101	2
248	152	2
931	81	4
406	150	3
877	248	5
129	187	2
1067	117	8
1164	135	2
941	220	2
605	1	2
540	292	8
1029	135	5
616	118	2
393	210	4
1020	105	41
207	43	9
206	140	3
639	117	2
1169	285	2
625	287	14
701	100	4
7	55	8
555	204	2
721	69	11
858	0	2
1021	96	11
420	132	6
1030	51	2
547	100	11
891	23	5
689	151	5
219	70	2
325	105	2
404	119	2
1165	132	4
161	72	2
247	95	3
485	287	3
510	96	11
784	10	37
287	1	2
1004	399	3
179	67	2
227	106	7
1075	150	17
834	51	3
1063	227	3
266	108	9
835	26	9
576	259	11
481	65	4
639	329	2
97	167	4
753	51	4
1112	104	2
959	1	2
882	393	2
307	384	4
655	189	2
955	162	4
1152	2	2
416	260	2
241	159	9
204	222	2
5	26	4
566	393	2
781	151	5
1068	34	7
1116	75	5
285	149	4
466	162	3
1072	28	2
861	42	49
622	174	4
686	129	4
800	81	5
617	358	2
113	2	2
53	65	45
617	5	6
130	51	33
377	110	2
348	34	2
1047	87	4
353	289	4
688	97	5
809	63	3
120	68	4
306	81	5
851	196	3
912	104	2
283	59	4
1181	12	14
1048	6	3
355	101	2
985	210	2
837	23	2
886	151	13
667	153	5
589	53	4
262	68	116
301	68	3
93	157	3
465	195	10
563	158	2
427	379	2
925	109	2
936	67	2
913	182	2
399	115	38
704	2	3
608	98	5
980	239	2
1099	98	5
1142	188	25
934	117	15
155	293	16
654	68	8
1145	335	3
333	105	3
776	136	3
1	10	72
667	268	3
795	155	3
547	124	2
856	42	2
6	51	7
595	219	2
365	383	7
54	194	2
2	17	7
516	89	2
394	30	14
200	42	6
877	26	2
106	180	4
327	178	12
959	180	3
344	188	4
891	73	9
1134	105	12
1015	363	4
626	94	31
799	40	3
1137	151	6
803	47	2
734	211	3
466	187	14
541	150	24
633	132	2
758	225	2
949	4	2
117	286	2
1179	272	2
52	42	4
1062	69	6
1158	332	3
1021	65	33
904	132	2
579	132	3
448	156	4
735	189	2
620	397	5
962	51	16
592	43	3
1011	119	2
604	335	10
85	66	11
632	8	5
1157	63	2
456	198	19
640	87	3
988	11	3
1023	12	5
878	234	2
242	232	2
366	331	7
1055	122	2
690	291	4
1020	50	6
711	372	2
1130	231	2
1142	128	4
111	151	10
1145	359	2
944	51	7
1108	26	6
596	36	3
120	287	4
869	209	2
353	124	13
853	3	2
1090	46	10
320	129	3
76	202	4
387	132	2
433	15	7
353	25	13
602	43	14
718	30	7
41	15	3
828	2	2
1058	407	4
605	51	9
1191	125	9
139	171	10
157	167	54
599	94	5
997	262	5
1111	101	19
649	79	2
159	14	2
531	289	59
688	104	7
979	407	6
22	129	28
13	2	3
923	48	2
961	285	2
324	364	4
514	162	3
367	255	19
620	129	3
673	265	44
109	228	3
544	81	13
272	128	7
1073	324	2
332	26	2
357	159	10
875	70	8
538	162	6
1171	69	4
376	8	3
817	248	5
37	165	12
700	248	2
609	198	2
98	261	3
499	109	8
172	33	27
183	114	2
185	24	5
166	35	3
675	257	2
232	51	4
323	127	2
683	68	3
751	171	2
636	24	3
1117	151	2
814	141	2
143	12	4
473	327	5
1110	181	4
563	267	2
776	162	18
171	332	2
1062	104	6
36	163	5
687	47	3
1182	141	2
374	204	5
1009	151	6
396	43	15
907	151	6
62	212	8
242	189	2
549	105	3
909	151	3
1031	71	15
1052	230	3
617	29	2
344	203	3
778	15	3
867	1	4
256	124	3
117	151	2
1011	129	2
821	84	4
643	167	9
845	233	2
346	250	2
665	24	7
1042	162	2
618	8	2
170	136	2
725	28	5
146	109	9
513	43	2
979	69	41
227	89	18
90	242	4
745	15	9
707	185	2
1122	11	15
791	230	2
103	270	3
930	104	18
519	55	14
1128	151	2
766	3	8
293	95	2
1162	56	3
800	288	33
88	247	12
420	301	4
662	341	8
676	209	26
1167	400	3
436	205	2
444	69	2
445	16	2
317	218	4
348	204	3
332	131	3
310	17	2
347	12	2
87	128	2
1067	209	3
444	141	4
1128	204	7
683	12	5
886	150	5
940	210	5
1010	196	2
808	43	2
249	43	4
1171	257	3
757	172	3
144	190	5
258	162	3
902	96	4
624	24	2
1118	96	2
556	199	2
468	10	16
44	183	2
647	12	14
276	149	4
1192	269	2
245	47	4
394	24	5
1100	98	8
448	28	17
798	141	2
60	104	9
990	364	11
897	145	26
818	68	3
224	161	7
652	186	7
1145	380	8
657	117	4
165	109	2
92	250	2
849	309	4
342	65	41
1139	144	9
16	99	7
443	17	6
670	286	2
1005	43	10
1	9	43
315	163	3
480	152	2
928	275	5
829	167	4
264	105	3
604	51	5
1105	225	3
1103	42	2
125	101	10
52	132	3
601	110	2
4	24	5
814	150	53
815	230	2
1054	104	2
319	246	2
13	89	4
1024	150	9
220	167	21
512	130	4
305	322	14
497	150	4
958	103	102
1080	156	2
35	42	4
1071	204	41
1088	150	5
319	129	3
969	51	21
227	51	6
1018	411	3
123	129	6
860	238	12
439	354	3
888	161	2
945	108	3
310	323	9
332	341	2
870	99	8
180	42	2
797	82	7
1063	300	3
970	229	3
1078	105	2
826	251	2
39	171	14
234	98	7
316	159	2
1027	96	15
314	105	5
1157	200	3
547	105	6
645	297	2
131	79	3
18	79	3
251	269	5
191	132	44
757	1	5
1060	51	22
419	151	11
852	101	2
302	273	3
206	114	2
551	378	4
1041	17	2
764	95	2
1008	105	2
524	6	7
955	114	2
89	105	6
185	73	3
10	51	3
1177	79	5
500	69	5
291	68	6
145	196	6
697	153	4
830	79	2
168	73	3
214	204	2
430	26	14
626	318	4
203	43	7
313	262	2
41	30	2
231	167	7
888	344	2
590	397	5
743	79	4
30	145	2
671	105	2
735	359	3
397	116	2
576	258	2
355	141	3
1016	114	2
651	15	2
799	11	2
646	297	3
895	230	32
158	12	4
535	88	3
875	387	2
878	364	4
487	227	2
544	269	2
655	226	2
918	10	11
639	297	3
233	300	2
67	211	4
776	325	16
574	3	10
713	110	13
94	3	3
590	391	2
594	190	2
258	173	2
818	10	2
567	178	2
390	257	2
153	314	2
368	338	4
543	103	2
198	1	2
984	150	2
792	104	11
207	287	3
117	76	5
236	116	4
518	277	3
1073	206	2
127	234	2
203	2	12
788	119	2
1081	162	5
866	3	3
1135	51	6
711	38	6
248	101	13
51	38	3
85	244	2
462	124	2
142	27	3
382	51	2
603	195	2
882	13	3
357	68	5
295	203	3
496	177	2
575	231	6
639	223	3
192	230	24
1089	51	2
434	262	3
461	8	2
514	79	2
659	319	7
334	43	2
209	43	2
73	225	3
745	98	4
1191	150	2
917	308	4
502	182	20
234	266	4
677	371	2
88	151	2
883	390	4
851	63	2
1049	96	34
552	10	39
383	242	6
22	107	5
1081	158	2
843	152	2
295	98	2
199	298	2
324	104	6
1107	13	5
949	156	4
281	96	9
962	96	2
176	70	2
1114	151	5
1107	95	3
31	111	7
1000	281	2
420	92	2
891	200	10
661	150	2
210	345	2
969	188	2
311	30	2
852	69	5
199	42	5
561	68	3
195	124	2
872	66	3
622	185	7
450	1	6
934	389	5
796	54	8
629	328	5
0	6	5
998	257	3
687	167	2
356	103	8
193	272	4
806	389	2
1069	68	2
480	251	2
938	242	7
274	151	12
1170	151	4
233	112	6
1165	39	3
736	253	4
83	206	6
971	111	3
675	274	2
675	297	6
1086	14	4
399	2	12
532	124	2
303	96	6
991	327	3
347	129	2
559	33	10
335	43	2
524	34	2
719	9	4
226	167	2
413	36	10
973	156	11
957	296	4
857	209	6
508	258	2
776	231	5
605	117	6
945	324	3
355	344	2
993	134	2
510	136	6
807	272	8
1189	116	3
182	285	2
787	104	15
930	28	6
620	231	6
379	132	4
393	96	4
629	126	2
468	68	7
305	383	7
412	216	3
1070	337	2
435	128	2
413	18	15
801	189	14
565	174	3
164	327	3
227	45	3
1080	4	4
446	105	47
76	51	12
652	3	2
134	84	5
252	336	7
938	23	4
1015	9	14
1074	110	14
205	348	4
528	298	2
579	272	2
1142	257	62
31	114	16
512	7	6
1089	96	6
1169	318	5
878	315	2
363	300	2
167	160	2
663	115	5
538	151	4
748	118	3
327	264	11
26	40	36
576	187	14
358	248	4
695	77	7
994	15	3
965	98	3
560	149	3
513	2	2
1052	35	2
911	204	3
1122	116	5
619	43	2
700	183	2
668	408	4
109	104	35
842	128	3
219	42	4
943	258	4
679	28	2
844	219	19
254	12	3
116	231	4
266	105	39
307	51	2
365	12	3
571	91	2
1087	188	5
663	340	2
346	34	18
979	79	3
87	96	5
940	312	15
1051	15	2
598	11	2
258	8	6
478	117	2
751	23	2
536	154	33
271	12	2
1027	68	2
779	50	2
967	79	3
761	167	2
351	2	3
202	42	4
306	135	12
953	231	3
958	195	2
847	67	39
528	101	2
1125	106	5
925	68	4
1	7	58
1031	51	4
632	11	2
195	103	3
1081	234	2
1155	346	2
209	8	2
566	39	3
364	178	4
601	286	3
114	202	13
219	11	6
785	209	2
1023	2	3
451	155	2
503	150	3
1044	200	2
1046	116	2
568	43	3
898	389	7
334	115	2
581	73	9
334	197	2
1081	246	2
865	362	6
147	39	2
1056	128	3
1167	24	2
963	259	2
1145	241	2
940	297	2
538	297	2
440	137	8
200	235	6
1071	326	2
69	104	6
595	43	115
170	248	3
1106	129	2
50	190	6
347	387	2
608	95	6
707	29	3
788	2	5
1022	81	3
409	230	15
371	151	2
73	26	13
299	373	2
798	105	5
567	192	3
786	100	2
867	309	4
369	350	6
463	43	3
708	101	6
45	11	2
378	2	32
119	164	3
752	59	2
548	114	8
37	166	7
607	6	4
835	43	4
701	105	12
503	247	16
635	286	3
517	157	4
591	40	3
1092	82	2
338	307	16
331	1	7
143	23	2
1159	156	2
185	23	3
1029	151	2
202	2	8
20	121	5
1106	105	5
725	119	3
252	33	7
1006	291	2
113	11	12
109	252	54
779	152	2
128	196	5
864	12	2
421	29	2
604	311	3
868	101	27
380	12	4
496	10	4
875	150	2
936	247	12
933	70	2
799	12	6
1177	188	13
196	42	5
354	63	2
339	134	3
758	73	3
681	79	2
40	110	15
655	167	13
135	1	3
400	222	16
157	117	3
1009	160	5
800	181	2
767	108	4
609	82	7
212	11	3
377	101	4
871	202	11
654	172	6
172	68	4
530	132	4
94	83	5
207	264	5
631	159	5
1000	239	7
604	34	2
82	80	3
1126	106	2
346	348	6
794	104	15
1052	12	3
386	20	4
85	242	2
597	35	8
400	43	8
97	98	2
395	164	2
319	123	2
834	155	2
358	96	2
1009	100	2
632	12	23
1091	161	2
517	155	12
583	23	6
880	231	5
95	1	3
1052	125	3
379	3	3
1178	151	2
867	405	4
1138	124	133
772	109	27
176	208	3
881	30	5
721	398	15
124	81	2
854	188	16
734	204	2
1132	174	11
1064	104	2
758	68	2
681	104	4
81	231	6
580	1	2
693	141	36
100	155	3
171	189	2
723	245	5
801	117	15
708	238	6
823	68	4
306	79	3
435	117	2
794	241	3
239	42	3
138	187	2
1078	370	2
129	45	2
346	89	23
643	51	5
884	407	10
64	68	58
1133	117	2
829	68	12
1066	364	8
304	101	2
717	256	5
775	85	2
64	216	2
159	89	2
1155	96	2
743	231	4
24	25	7
1110	81	5
1113	156	8
702	128	9
555	211	3
756	96	4
959	120	3
1087	288	3
274	117	10
779	102	4
354	98	10
287	256	2
961	129	12
357	151	2
802	151	2
566	43	2
57	200	2
910	160	8
1114	105	2
949	227	2
604	193	2
617	205	2
156	76	9
964	217	6
593	236	6
586	106	11
613	292	3
644	91	6
833	162	9
1142	322	9
554	68	3
1090	334	9
734	114	10
1012	164	33
72	1	2
1016	66	2
614	318	4
512	216	36
208	131	2
944	95	2
774	159	3
389	42	2
27	127	8
1013	128	10
1154	210	7
283	135	3
672	325	2
488	119	6
147	258	5
732	24	2
391	369	2
948	195	7
504	3	13
1013	210	2
880	135	5
485	3	12
737	119	4
110	234	2
737	387	25
663	2	10
123	292	3
5	35	3
7	52	2
546	153	2
1119	179	4
650	124	5
149	310	3
1118	11	2
234	26	3
498	73	3
228	137	2
503	68	61
731	54	2
535	388	12
289	51	2
193	314	2
579	307	4
711	42	2
436	98	7
1150	307	17
836	30	5
1050	188	8
1134	111	10
1057	406	2
176	266	4
201	333	5
628	43	3
929	68	2
113	98	4
520	2	9
1191	12	5
315	14	3
673	12	5
396	23	8
118	89	2
523	257	4
1118	12	7
722	195	5
653	104	6
1009	359	2
253	189	4
413	11	11
325	23	5
325	69	3
779	160	5
1103	96	5
258	339	66
419	95	13
384	390	2
232	135	2
383	125	2
1082	334	9
168	69	4
829	23	3
326	109	3
332	34	2
894	137	10
934	260	2
626	153	3
1183	315	5
705	103	4
13	91	4
1037	14	2
226	41	2
488	266	2
252	92	14
912	310	3
1123	96	6
62	11	5
661	285	2
1182	160	3
1102	117	2
724	24	6
102	6	5
975	132	6
1191	173	10
572	117	6
1078	135	2
182	39	2
787	28	18
999	15	2
919	210	2
625	3	3
695	239	2
1112	290	3
432	162	6
833	159	4
811	344	17
751	96	2
693	292	2
1019	350	2
670	183	3
292	167	6
644	157	3
43	178	9
1081	233	2
953	269	5
970	329	9
619	33	3
6	48	2
122	290	3
168	23	10
1060	257	9
68	219	3
208	28	2
237	128	24
402	245	33
126	150	2
483	339	2
89	188	4
601	230	2
762	364	4
440	3	6
59	105	19
1120	14	4
331	98	4
115	284	3
595	33	13
588	204	4
329	171	3
749	302	7
94	98	2
1107	135	4
778	10	3
824	28	4
696	3	12
1114	188	2
37	164	2
430	40	2
723	15	4
430	23	2
489	118	4
283	64	20
213	104	9
269	74	9
116	263	2
981	2	3
240	104	6
486	119	2
551	61	11
975	368	3
752	100	7
405	314	2
1174	117	2
163	325	10
808	3	8
256	161	13
291	10	2
439	395	3
404	188	4
862	104	2
947	82	4
134	119	7
132	11	3
866	151	2
204	88	5
493	151	2
83	98	2
576	304	6
421	395	13
518	227	2
560	11	3
1119	248	3
258	327	2
43	28	5
91	105	3
1050	265	2
300	108	5
84	63	4
817	288	3
918	40	14
949	46	2
713	364	3
497	104	10
1101	90	2
610	134	2
166	52	2
717	269	4
979	160	2
335	74	2
913	131	4
930	297	2
1007	210	4
964	257	9
390	101	9
459	195	14
713	114	5
820	1	3
197	43	4
878	1	18
767	141	4
1047	298	2
703	315	8
607	41	2
156	150	2
703	114	2
25	135	28
67	69	115
701	151	4
113	267	5
795	104	5
952	104	2
156	104	14
1153	391	3
1103	81	6
463	11	3
63	36	4
166	173	8
366	209	2
308	182	2
147	65	11
103	269	3
492	174	52
637	69	3
60	207	2
70	85	3
665	358	2
168	153	5
1028	117	2
644	234	3
820	51	2
483	62	2
576	186	13
1146	96	3
296	4	6
291	65	30
641	241	2
15	65	3
945	96	2
1146	105	18
1106	98	13
8	61	4
24	79	2
814	125	6
701	343	2
143	198	2
391	262	6
471	51	7
539	1	6
113	231	7
531	290	38
1190	291	2
675	88	3
152	312	2
212	187	3
48	81	5
960	318	2
55	167	4
1128	323	3
356	71	2
40	105	6
879	343	3
207	33	9
445	28	14
743	188	3
513	245	2
667	122	2
472	151	6
896	135	2
650	43	35
508	43	7
425	60	2
284	42	3
727	12	6
43	15	3
976	81	2
930	189	5
916	123	5
1117	60	12
433	30	17
837	24	10
580	181	2
742	104	2
340	178	6
1161	66	2
396	2	9
506	76	2
127	187	2
1148	163	3
80	98	2
442	96	4
729	182	13
751	209	2
498	195	2
476	131	3
432	156	7
25	134	2
979	121	2
1132	11	2
278	370	3
1055	151	18
1080	98	3
777	1	3
271	15	11
115	155	2
119	104	12
123	117	23
814	104	2
713	128	5
869	96	8
1068	94	3
1012	157	8
963	258	2
140	141	8
944	1	6
1031	4	4
1078	63	4
995	369	2
899	95	3
1130	389	8
175	234	3
293	162	10
73	224	7
1054	271	2
537	30	6
289	141	17
766	117	8
1164	343	2
725	227	4
248	77	5
469	379	2
1030	108	9
672	407	3
828	45	5
94	257	2
655	155	3
133	188	8
1039	79	3
1173	30	2
145	141	3
1151	322	3
9	67	4
289	331	2
1086	48	6
190	231	3
1155	105	9
5	30	2
271	13	4
663	180	3
962	315	3
287	51	6
169	320	2
1185	16	12
369	270	3
294	68	12
101	68	6
380	328	3
1066	119	6
723	159	2
157	135	10
195	250	3
209	2	2
524	33	3
742	135	5
387	68	5
679	2	2
677	79	2
173	69	2
966	51	4
360	95	4
213	131	2
736	104	3
672	151	5
663	96	6
920	63	2
104	167	3
700	294	4
1172	63	3
401	79	2
973	132	2
113	7	2
16	103	2
749	154	3
595	96	2
1010	381	2
394	2	4
179	123	10
21	127	5
797	101	12
586	51	2
418	43	9
1173	42	3
895	178	3
459	36	9
522	261	6
415	251	150
774	47	4
420	45	4
154	194	4
228	26	4
239	43	8
44	69	7
609	145	2
118	35	2
693	160	3
195	219	7
976	170	7
312	234	3
335	51	6
214	288	2
584	156	3
874	28	10
52	43	9
872	73	8
776	355	4
1014	11	2
752	383	3
797	248	5
79	232	2
96	23	19
325	190	2
113	214	6
299	188	2
319	98	3
931	135	3
765	188	2
335	134	2
222	53	2
525	51	7
796	30	2
39	69	14
19	116	4
301	15	24
357	273	5
138	3	8
363	73	2
852	344	5
125	156	8
12	82	4
728	23	3
883	61	2
333	255	2
797	183	4
280	271	2
475	141	7
372	81	6
226	30	2
375	70	3
838	43	2
1035	161	2
1058	216	7
768	373	5
655	162	3
795	188	3
345	105	2
812	410	2
751	114	3
30	85	2
911	381	2
353	123	2
223	132	2
270	18	2
141	222	16
1192	390	2
352	214	5
27	139	9
332	43	3
74	96	2
156	320	5
1037	235	2
212	43	12
820	101	10
830	77	4
249	12	2
751	203	2
769	42	2
940	271	2
61	79	3
846	69	4
773	208	7
857	257	2
646	394	11
913	69	3
416	117	21
558	391	4
950	135	2
807	360	2
536	401	8
167	326	3
551	33	8
964	4	2
102	30	5
1124	104	2
647	33	9
1072	119	4
1081	377	2
399	281	5
900	42	3
951	128	7
543	359	2
104	272	11
815	150	8
1033	382	2
583	144	2
186	105	16
623	405	3
276	369	2
131	182	5
388	266	2
413	143	5
287	140	2
535	106	13
879	204	2
61	210	7
739	324	3
61	104	19
68	152	2
850	132	3
503	319	3
1027	287	3
157	56	15
809	43	4
902	332	2
767	51	5
752	229	2
510	379	2
675	324	7
206	349	3
602	186	2
727	351	7
1145	296	2
816	105	10
964	108	2
54	70	6
27	15	51
999	3	4
631	167	4
891	43	10
153	155	20
936	348	3
111	72	3
971	210	42
591	44	5
1013	236	3
642	98	6
868	119	12
384	79	2
878	231	3
36	15	3
964	98	4
839	26	31
115	283	2
337	152	5
1042	329	2
387	174	6
529	28	3
659	68	2
978	117	5
586	91	2
732	258	12
657	98	2
1145	188	2
969	48	2
741	33	2
1174	70	9
921	45	5
661	2	2
641	148	2
1150	273	16
196	37	5
722	73	2
729	211	5
0	0	3
214	190	2
185	195	5
910	100	2
233	357	2
655	51	21
819	66	2
341	117	2
1073	96	7
1113	98	3
127	173	3
779	63	6
248	249	2
1025	400	3
344	105	6
1179	234	2
217	100	2
10	69	8
730	14	2
292	114	5
600	65	2
128	95	18
406	151	2
320	11	2
1037	42	2
1067	98	4
554	77	13
1063	96	7
711	33	12
121	168	2
1112	73	2
552	125	17
71	69	18
674	10	3
257	66	9
888	407	4
464	124	3
767	63	5
713	170	3
170	183	2
124	98	3
177	159	3
476	100	8
932	104	2
257	69	2
518	109	2
671	27	4
804	210	28
535	155	22
920	159	2
554	8	2
523	114	3
943	26	8
579	115	5
1091	209	7
727	8	3
904	382	2
400	98	3
673	345	2
840	3	6
542	68	9
395	210	27
1148	388	5
706	398	3
444	156	11
366	376	3
161	151	4
286	11	9
484	23	3
675	51	4
859	203	2
545	71	7
689	168	7
826	24	2
526	211	2
591	41	3
145	63	3
426	105	2
592	106	2
475	248	4
282	1	4
1137	161	5
217	95	2
778	174	2
811	101	2
221	33	2
366	210	2
1036	179	2
301	105	4
421	51	10
1021	396	12
637	389	6
202	36	2
554	66	3
468	12	9
258	191	4
503	245	2
198	132	2
380	150	10
463	34	2
35	68	4
1027	151	15
878	134	3
626	235	5
1155	100	5
779	227	3
956	68	5
789	162	2
713	168	19
355	20	3
200	45	5
955	385	2
774	98	2
975	68	10
747	96	86
431	267	44
184	334	2
465	23	2
135	98	2
659	368	4
1179	1	4
204	221	2
457	183	2
754	86	7
124	105	3
196	24	37
744	4	2
979	95	4
574	24	4
208	298	3
201	73	3
726	395	5
753	231	5
336	15	20
960	101	5
557	11	3
453	51	3
1127	28	2
566	267	5
194	10	8
184	340	2
776	151	5
662	195	2
795	217	5
66	106	2
703	78	3
633	3	3
715	247	12
574	258	3
882	96	10
76	227	2
626	337	3
491	170	2
200	338	10
1181	15	31
558	150	16
649	101	4
340	26	2
615	204	2
960	114	43
868	118	2
1102	98	8
1144	297	2
981	26	22
402	225	4
354	64	15
522	177	2
98	151	13
1126	11	3
47	26	6
228	171	3
47	32	2
840	214	19
1174	166	4
650	173	2
574	23	20
788	33	2
182	71	2
1002	110	4
894	26	2
1002	231	2
414	339	2
694	30	7
922	323	2
451	117	2
675	211	3
596	6	15
1189	222	10
14	65	10
11	75	8
96	259	2
1105	43	3
1080	305	4
700	399	3
946	96	2
1122	12	2
808	11	31
794	1	9
999	326	4
200	43	13
530	358	4
875	98	6
327	33	4
537	124	16
116	118	2
685	4	5
147	178	4
399	214	5
878	83	2
1049	211	2
579	206	2
552	127	121
945	105	15
1017	257	7
1178	318	10
364	68	3
660	71	17
809	0	4
23	44	3
877	411	5
616	119	2
1002	362	4
806	349	14
49	187	6
827	15	2
43	180	2
185	124	2
1039	159	3
698	151	4
175	104	3
590	149	2
844	150	6
8	20	91
180	257	5
1034	99	2
1188	391	11
425	236	2
1036	202	3
934	2	4
207	173	2
594	168	10
544	64	2
988	178	5
949	90	6
1160	321	25
423	258	3
608	299	7
832	35	8
342	234	85
603	10	2
240	359	2
742	63	4
326	104	37
675	405	2
1158	155	3
278	371	2
1160	76	10
338	187	8
540	204	3
358	128	2
520	155	2
473	131	27
480	128	2
65	164	4
430	258	2
394	17	7
245	122	2
851	154	2
303	12	12
863	128	9
1060	98	2
958	293	3
225	59	2
790	210	4
390	96	3
416	51	2
817	79	5
183	100	2
983	150	6
841	128	8
993	132	2
974	367	9
488	42	13
1130	62	2
1017	82	4
306	170	2
425	151	3
335	106	3
361	156	6
614	132	2
222	354	11
795	121	5
707	197	2
351	10	4
1047	108	2
447	43	4
458	343	5
737	283	3
480	112	3
1070	271	3
287	128	2
693	122	11
1061	159	7
287	117	2
368	264	3
876	79	7
339	19	8
227	98	3
319	117	8
760	168	2
1097	76	10
26	23	4
5	36	2
1115	297	3
408	131	11
110	1	2
278	42	8
401	150	3
298	245	2
1131	177	41
176	335	6
779	79	8
125	96	2
229	69	5
471	4	4
111	188	3
728	26	2
64	184	4
911	42	2
848	30	8
236	44	2
101	34	8
582	84	7
447	2	2
951	276	2
332	195	3
621	132	2
1021	42	22
402	11	44
266	155	3
910	150	8
579	235	5
803	79	2
956	51	2
584	2	2
289	359	2
377	226	8
111	122	16
844	151	21
916	139	17
707	43	2
324	69	2
137	2	2
220	3	13
751	26	19
327	6	8
989	188	5
1010	42	7
439	51	8
525	129	3
667	51	3
481	95	17
1148	148	3
210	30	13
191	341	108
1082	337	2
562	18	2
982	23	4
879	99	8
930	69	2
135	96	2
270	72	2
330	271	3
180	134	2
519	159	2
960	183	4
542	195	2
546	337	3
818	65	10
63	41	7
824	209	2
282	240	7
49	116	11
771	154	8
350	151	5
395	95	3
419	105	6
1081	102	6
179	151	10
794	117	2
313	131	26
787	101	2
1072	76	6
949	45	2
843	103	5
107	68	9
393	150	2
1063	272	3
235	201	3
282	374	2
812	357	11
16	100	5
83	188	2
1113	68	9
303	124	3
874	14	4
248	362	4
896	151	2
529	131	2
265	150	3
1174	4	8
571	189	2
346	247	24
1029	101	5
542	267	2
714	96	2
802	310	4
38	13	12
402	26	6
315	108	2
670	69	36
578	2	7
501	4	2
1184	366	3
909	67	2
1056	180	2
1092	298	2
233	218	2
52	7	3
188	135	10
932	96	3
792	375	28
559	11	2
497	231	2
103	58	2
1123	101	24
483	353	6
967	362	6
756	121	3
77	181	2
299	15	9
606	307	5
449	43	4
701	96	3
753	324	2
1087	96	2
837	73	7
261	330	6
636	274	2
709	12	4
733	101	23
345	68	3
167	316	2
477	95	3
670	77	3
127	12	2
1068	11	11
928	101	6
438	42	3
57	23	2
1024	51	2
644	88	3
1056	96	3
742	159	6
710	334	6
1047	89	5
270	167	4
524	30	2
715	152	4
427	1	3
776	210	13
322	131	19
479	101	7
349	98	3
332	137	2
566	197	3
1129	150	4
1093	156	2
521	33	6
1161	132	2
182	339	2
986	273	4
827	11	6
1112	101	4
534	114	15
46	171	52
480	59	2
369	156	12
621	101	2
894	24	7
3	0	5
975	10	2
913	128	4
599	1	12
219	12	2
909	247	16
926	150	6
159	51	2
961	389	2
680	253	2
93	117	8
273	43	2
380	171	3
573	1	10
361	63	9
824	96	4
108	210	4
613	376	5
675	332	3
942	106	7
1156	105	4
641	132	3
1108	39	2
432	117	3
624	67	10
737	203	2
569	122	4
598	70	49
852	249	8
563	68	6
720	135	2
838	24	3
558	369	2
480	111	3
419	1	3
534	106	2
73	68	2
448	298	3
937	23	21
868	143	3
33	114	2
777	114	3
227	2	4
664	181	2
769	246	2
443	215	8
1098	129	5
182	98	9
342	124	6
1140	188	2
920	302	6
999	33	2
709	73	2
143	43	15
950	114	7
127	93	2
13	88	2
913	210	4
930	190	2
35	11	6
12	83	10
238	132	13
173	101	3
420	341	2
513	42	2
724	266	4
601	193	5
339	15	8
1117	96	4
208	108	6
20	120	4
983	208	3
728	125	6
228	2	2
1043	105	3
651	173	2
852	124	6
1040	137	2
490	24	2
1131	27	2
911	69	33
1105	24	2
1024	19	9
1128	325	3
1034	241	3
55	105	2
927	104	43
150	43	2
1131	129	9
539	234	19
99	33	5
568	40	6
355	112	2
715	128	3
423	209	2
887	128	2
805	42	15
1038	99	3
374	220	4
725	99	8
738	354	4
934	205	17
847	275	7
40	96	2
246	137	8
963	367	2
1001	113	7
1125	105	14
7	5	2
9	69	10
324	269	4
721	36	3
436	202	7
431	10	127
427	89	2
411	124	2
218	42	4
737	105	5
471	179	20
632	171	2
1056	132	2
434	268	2
158	150	36
62	174	4
1061	55	25
187	239	5
1064	66	4
279	104	6
349	162	11
785	43	2
529	89	2
688	82	2
687	200	2
619	1	6
1140	361	3
674	68	10
152	43	2
1126	7	6
213	204	2
859	79	2
384	34	5
22	122	7
155	159	3
900	77	2
53	9	3
373	24	15
480	158	2
969	1	4
232	53	2
36	150	3
93	255	2
881	69	13
6	50	2
524	113	5
222	30	3
20	86	2
1173	10	2
49	186	4
1046	43	3
239	161	2
1124	381	17
655	157	4
612	105	3
1126	3	5
555	104	4
589	180	12
417	291	2
366	77	2
978	167	11
29	143	3
963	29	2
781	181	2
653	176	2
208	96	4
1078	190	5
949	298	4
1083	155	5
566	15	3
495	286	5
702	103	6
515	96	18
631	68	5
1116	69	16
639	1	3
661	229	8
617	102	2
902	74	3
131	230	4
1033	106	2
946	105	3
577	303	4
190	101	2
260	68	9
403	132	2
9	66	2
708	292	3
799	42	6
248	346	5
331	43	66
461	42	28
567	272	4
378	181	4
662	12	2
458	167	7
1163	332	2
721	53	20
528	82	2
350	168	2
1082	104	32
973	350	6
1074	138	2
934	167	45
330	299	13
531	211	2
836	36	4
695	82	3
889	23	6
1003	204	13
1078	257	2
378	323	4
487	68	2
1116	290	8
60	162	6
579	68	4
493	150	5
597	30	3
79	233	2
1061	54	8
585	18	6
87	129	3
418	35	2
54	150	20
1094	99	24
1170	27	11
606	303	2
90	127	7
552	242	51
897	96	6
991	149	2
688	150	4
537	133	6
160	320	2
1032	227	4
125	134	3
311	40	4
250	100	4
947	261	2
329	374	2
1032	234	26
773	150	7
559	132	2
1091	47	17
1101	359	2
974	201	4
202	26	8
713	108	3
978	189	4
935	147	2
799	43	4
657	188	4
152	23	10
801	167	15
345	159	2
381	68	4
1047	167	3
235	26	7
582	205	2
45	184	11
935	95	3
297	381	2
181	105	3
5	40	3
611	42	4
317	10	3
904	43	2
26	138	2
85	245	28
167	100	3
70	11	3
1132	138	2
64	43	3
177	87	5
913	168	3
136	47	6
472	6	13
201	15	41
777	231	3
112	33	3
1176	129	2
178	96	5
697	385	17
1088	114	2
258	102	3
376	205	9
1145	28	31
592	10	2
198	221	2
1102	131	2
996	143	7
95	30	2
658	188	14
301	3	5
45	114	16
249	105	2
254	10	5
633	26	5
897	131	3
1144	69	3
878	312	2
402	197	22
1135	223	4
954	65	7
538	248	2
48	181	3
1155	117	2
432	1	2
335	0	6
886	114	3
1077	33	3
1006	168	16
228	23	2
193	189	2
169	81	2
428	151	3
419	227	2
1181	30	12
388	387	4
758	26	2
252	264	4
1072	172	3
889	12	4
161	104	13
676	23	63
41	174	12
634	12	6
173	269	2
1130	395	74
499	181	2
475	160	2
281	28	2
36	19	40
716	147	4
555	128	6
307	363	2
686	105	4
311	383	4
1177	51	3
640	17	2
771	28	7
407	3	2
729	207	4
1134	27	2
279	373	3
488	349	5
140	217	9
480	99	2
1015	227	2
905	233	2
369	208	4
872	195	4
1098	302	2
144	27	4
715	114	6
682	234	3
1160	105	2
581	17	2
162	257	25
292	332	6
914	164	7
1138	174	17
85	81	23
859	159	5
589	248	4
604	43	4
536	162	3
27	123	17
1005	141	2
1097	168	45
1051	178	16
853	68	8
62	42	14
819	22	29
347	143	2
1008	51	2
604	28	5
786	151	2
990	189	2
867	62	2
987	157	6
1177	104	13
861	33	10
960	19	20
234	39	2
603	43	5
829	273	3
182	337	2
968	73	2
384	290	2
908	234	5
878	135	5
550	402	7
948	43	3
1103	399	3
895	245	2
125	81	12
503	329	6
587	39	4
890	73	4
1159	166	8
288	376	3
531	79	5
551	42	51
739	96	3
950	232	2
123	188	9
17	107	12
917	161	2
527	69	2
694	89	2
787	248	2
549	172	9
205	200	30
532	150	2
4	27	2
204	132	6
224	150	7
763	95	2
319	7	3
188	99	4
501	356	2
655	297	2
558	276	23
104	30	2
861	273	7
1080	273	2
691	42	5
371	75	2
939	96	3
1100	339	26
1085	65	3
445	234	7
859	155	6
235	180	3
735	51	4
761	12	3
15	96	7
780	387	3
494	167	2
897	252	4
432	57	4
530	42	3
341	105	13
1165	7	2
94	65	3
402	42	14
404	170	2
949	353	4
864	105	2
586	30	4
323	297	4
1124	68	2
1169	227	3
1124	245	4
1073	204	4
229	99	2
550	1	2
104	267	2
24	66	9
1092	257	2
130	296	12
706	104	4
1063	105	2
1154	248	2
103	141	2
660	151	4
623	96	2
37	105	6
559	198	2
399	130	9
394	192	2
912	149	5
55	196	2
949	2	4
482	188	14
143	89	3
813	104	2
946	151	2
446	96	54
294	12	4
154	299	5
440	43	20
1067	96	3
579	394	3
475	63	2
738	123	2
706	162	3
942	110	2
511	122	19
649	204	2
934	405	4
667	96	2
1084	49	4
505	82	6
1072	240	7
1148	43	3
1057	181	2
402	23	15
1041	21	13
1094	101	8
4	28	28
730	340	37
913	136	6
637	350	2
740	387	2
281	188	5
613	30	2
798	331	4
103	104	18
769	268	15
913	104	3
859	119	10
810	45	12
938	125	8
204	62	3
721	397	26
831	33	2
745	386	6
481	162	6
1125	114	3
934	340	21
508	39	5
686	391	12
1171	151	4
884	325	2
989	96	3
251	199	2
826	239	7
58	194	9
1008	74	2
44	182	4
1002	96	2
972	83	2
681	173	12
951	105	7
780	65	3
969	204	2
931	96	2
1036	129	3
481	71	2
31	149	2
85	95	6
1027	12	8
328	354	2
247	81	20
652	402	3
530	39	3
419	103	4
842	302	20
5	43	13
260	119	3
1081	51	2
578	43	3
290	123	2
431	268	4
235	358	2
447	42	11
201	133	2
477	204	11
1137	101	7
702	95	4
305	10	29
365	232	2
1081	86	6
1027	334	2
1027	109	2
679	274	3
1018	79	2
855	402	4
913	204	4
955	167	2
1151	47	2
5	31	5
688	101	10
240	344	5
647	39	10
924	96	2
794	143	2
767	104	5
957	43	8
886	194	2
896	57	6
33	157	2
655	159	5
170	69	3
437	209	5
581	11	6
245	74	2
71	81	11
356	90	2
218	130	2
1098	51	4
48	117	17
136	302	2
613	309	2
450	117	6
667	100	4
105	42	2
1133	29	4
712	110	2
1112	11	4
1001	101	6
694	359	2
698	155	2
758	195	4
72	51	2
440	33	13
211	173	3
5	34	5
729	101	3
713	79	2
1077	39	3
823	162	7
931	377	3
360	170	2
633	159	5
1	3	33
55	23	5
896	44	2
1080	51	4
264	181	3
423	197	3
1148	188	3
569	204	18
687	103	3
391	252	329
647	43	48
590	30	3
1002	327	3
728	12	8
409	76	15
1033	116	2
498	381	5
1192	176	7
951	257	5
804	278	3
779	121	6
564	148	4
263	63	17
1163	89	6
23	3	2
774	206	2
1094	141	10
1150	227	2
594	131	8
612	232	3
658	150	2
112	150	3
291	43	11
62	40	2
500	104	3
345	51	2
71	83	2
1152	188	2
228	33	3
990	238	3
560	68	2
284	173	3
904	250	4
976	9	2
501	129	2
636	43	4
910	96	2
704	33	5
13	48	2
95	72	2
87	117	2
132	132	6
761	264	2
934	331	14
347	263	2
1129	289	2
250	51	2
660	248	6
263	51	9
458	297	4
772	253	37
1143	96	16
857	105	3
107	17	3
602	109	2
652	305	5
1137	119	2
311	348	14
891	142	12
444	359	2
613	248	3
432	54	17
792	278	4
826	159	2
918	132	16
402	239	8
275	2	5
111	131	5
480	66	2
322	290	2
717	101	3
1046	68	7
1161	343	2
67	218	8
318	234	8
991	182	5
130	202	7
809	51	6
609	104	17
338	339	4
997	150	10
1129	327	2
423	26	4
924	42	2
263	318	3
146	296	4
15	97	2
277	288	3
128	257	2
634	269	4
277	364	5
465	187	2
447	10	5
526	131	2
65	210	10
1161	13	2
265	173	39
978	120	7
1049	183	3
850	42	2
798	292	2
666	67	3
147	43	3
1095	411	5
1170	107	4
850	65	2
731	51	8
480	361	2
134	301	3
51	191	4
988	43	2
980	96	6
931	223	4
690	188	2
630	3	2
359	15	9
388	30	4
570	150	16
853	408	2
471	1	12
626	277	2
872	69	22
524	161	2
1101	135	2
712	150	5
717	77	5
896	77	3
320	30	4
668	137	48
452	73	2
387	11	2
372	381	2
1086	89	7
681	26	11
663	43	2
1047	196	3
748	12	2
993	43	3
24	132	3
926	30	6
1193	1	3
1145	266	2
60	208	14
476	124	8
17	112	13
235	43	2
591	215	2
1105	195	4
1103	13	2
313	28	2
442	69	15
1178	188	3
442	128	4
1149	252	35
186	141	26
253	283	2
790	230	3
189	67	2
785	25	2
1176	63	2
511	27	2
927	69	64
795	63	3
462	112	3
1133	305	3
444	292	4
28	142	3
277	30	2
258	255	2
69	99	6
1080	2	10
424	10	8
736	110	3
842	89	4
334	132	3
476	96	6
586	76	3
737	118	3
1133	147	3
904	197	2
783	150	2
59	1	20
133	63	2
69	101	21
826	66	12
234	2	20
1131	51	5
214	257	2
480	105	2
605	153	5
579	10	2
1162	309	2
129	11	2
904	14	2
306	325	2
553	132	2
582	2	6
237	100	18
52	119	2
301	287	28
236	42	3
113	23	2
430	143	2
177	284	2
1044	68	8
1050	131	37
449	24	45
267	29	2
663	339	4
911	77	5
92	172	16
887	397	2
487	346	22
720	78	4
465	3	4
429	3	3
800	51	4
856	153	2
1155	335	10
314	63	6
134	203	8
507	346	3
468	43	2
354	217	7
363	389	9
268	368	2
579	306	3
359	137	5
32	59	3
138	85	5
915	26	2
530	12	4
138	82	5
467	298	3
1116	104	18
1062	150	8
704	30	2
663	103	2
480	256	3
534	162	6
28	141	2
403	178	2
342	1	17
508	132	2
712	69	28
1109	128	6
83	240	5
99	36	10
629	245	5
1009	204	2
813	119	2
114	21	8
614	94	9
371	239	2
1028	98	2
149	188	3
352	3	2
528	196	6
1066	155	2
44	78	33
680	42	3
694	178	3
522	247	3
76	62	6
422	228	2
546	396	13
884	101	4
175	149	15
904	3	2
38	167	2
1071	183	17
307	114	4
200	31	6
264	354	4
878	204	4
320	8	3
326	114	6
782	234	2
426	131	29
654	15	3
126	294	6
757	131	3
610	59	4
302	97	3
1038	100	4
531	151	2
664	231	3
915	287	3
101	161	4
191	144	2
134	300	6
171	300	2
600	404	2
1180	207	5
1186	96	8
193	347	2
767	101	14
604	26	5
394	42	16
1156	151	13
834	63	2
459	45	11
647	3	17
114	51	7
1084	356	3
105	273	7
771	356	14
399	155	3
999	76	10
601	68	3
93	47	2
113	3	2
1185	14	6
220	12	5
270	155	2
856	262	165
298	124	2
1139	23	19
12	79	3
484	146	3
8	63	4
125	183	2
761	33	2
96	39	2
701	128	3
54	42	29
594	101	3
524	197	6
394	3	2
813	143	2
171	150	3
186	117	2
560	150	4
117	153	2
279	278	3
1061	403	11
870	150	2
1047	82	2
863	209	7
783	151	9
994	12	3
83	63	2
662	124	4
262	173	15
1047	63	2
438	231	2
748	307	3
45	73	6
508	29	4
207	178	3
362	33	3
1086	167	2
779	51	2
466	304	2
760	139	13
765	241	3
643	62	3
238	11	2
601	112	6
706	240	2
429	40	2
974	29	3
740	174	2
1183	114	8
435	374	4
124	79	7
1134	110	3
341	213	3
846	257	4
496	374	18
221	39	10
997	104	9
718	2	8
1121	67	5
418	2	3
695	136	2
622	40	3
137	68	2
335	156	4
770	292	3
1122	42	3
557	34	18
922	69	4
1065	16	25
922	136	2
360	110	2
1120	329	3
556	42	50
287	257	2
164	211	22
858	1	3
588	105	10
1081	105	3
591	104	4
994	43	2
233	240	5
567	96	2
355	211	21
1144	71	12
429	11	10
435	234	2
46	11	2
199	220	3
1111	103	2
33	46	3
50	122	14
151	33	2
402	32	10
981	147	8
329	354	13
928	362	13
1000	109	2
669	3	5
969	409	2
986	36	3
371	150	71
767	96	2
612	150	5
394	198	2
757	129	3
5	37	3
839	258	12
774	227	8
200	35	3
497	269	4
1168	183	2
449	39	26
1136	39	4
1120	2	6
390	160	2
907	257	2
181	111	2
1169	240	2
32	117	2
799	23	4
1190	150	6
129	186	2
878	30	5
679	14	9
709	32	3
1099	187	12
948	178	2
1058	354	5
318	173	38
590	12	2
925	101	2
1048	5	3
257	12	2
101	10	4
291	245	3
997	161	3
89	248	3
619	30	2
526	110	2
725	379	10
455	312	2
534	13	4
32	156	4
1033	258	2
276	101	4
424	396	7
1177	357	2
442	30	2
901	153	4
687	105	8
1102	28	9
917	241	28
545	51	6
150	11	7
398	290	2
1185	374	3
497	204	7
789	122	2
160	230	2
618	372	15
194	181	3
1100	61	7
1170	301	8
424	124	9
1032	35	2
139	73	2
259	344	2
1096	30	2
1080	8	5
756	227	3
73	74	2
529	34	2
473	334	61
586	153	2
856	68	3
218	33	4
564	43	6
547	1	2
933	326	3
828	89	5
839	39	4
511	63	2
1028	344	2
1096	398	2
1158	119	3
269	103	4
351	45	3
744	271	2
149	262	2
405	365	2
876	149	2
1192	119	2
580	288	7
964	164	8
721	136	13
477	69	5
603	259	2
578	3	2
804	66	4
54	173	2
255	68	15
373	2	3
1049	98	42
300	188	2
207	12	6
564	11	2
818	42	2
174	119	9
803	331	2
589	115	4
93	188	2
779	114	2
519	104	38
492	69	2
307	315	4
1019	248	10
871	43	2
716	244	4
201	184	15
66	117	3
954	188	11
675	95	2
50	188	3
97	51	8
846	98	3
177	48	5
598	2	5
1122	187	2
694	184	11
761	197	7
1038	331	2
438	165	29
322	151	3
474	212	3
386	292	4
217	82	3
602	2	5
1103	292	4
506	230	10
486	68	5
885	160	2
751	167	2
1172	241	8
919	376	2
775	257	5
1006	101	2
1077	11	9
80	112	5
842	121	3
990	101	18
950	155	27
141	158	8
312	291	8
763	65	7
764	141	8
43	12	2
379	9	2
832	287	6
79	10	2
411	287	6
816	23	5
893	153	2
1077	43	7
1128	168	2
678	105	3
760	201	6
174	92	2
58	112	44
949	158	3
1075	101	2
51	98	2
238	95	2
465	197	6
954	104	2
342	4	2
689	114	3
450	257	4
163	100	2
1141	132	2
826	132	2
598	42	7
1101	316	6
903	3	2
23	45	3
168	132	4
1182	51	3
1157	98	2
270	162	6
791	76	4
1188	385	2
566	12	2
79	117	2
631	96	3
352	138	3
928	114	3
1023	305	2
776	104	26
445	388	8
108	151	12
484	136	2
632	45	2
762	104	3
1063	217	4
106	2	2
504	1	2
531	336	17
919	100	3
1058	81	5
802	104	3
923	162	2
961	118	2
247	51	4
1026	32	2
613	112	7
934	68	15
260	351	8
293	315	11
1121	319	2
779	118	4
500	330	9
453	188	6
223	42	20
1141	181	2
1023	42	5
742	108	2
266	167	3
1085	150	24
614	210	5
486	30	4
769	159	4
914	1	6
672	77	3
1115	167	3
880	364	4
410	29	2
373	43	46
27	131	58
1030	101	2
610	3	2
375	114	2
645	350	4
128	248	4
760	245	2
1184	167	21
255	26	4
983	149	5
312	251	2
340	97	6
850	107	4
1014	368	3
990	226	4
61	168	6
517	51	30
133	297	3
972	51	2
358	135	2
242	162	2
582	51	2
920	114	9
90	126	6
574	26	11
846	152	3
833	60	20
631	43	14
1005	51	19
1093	105	2
868	229	7
307	141	2
1135	105	2
193	62	8
1097	134	27
357	149	2
876	169	4
440	195	11
911	290	3
179	234	6
312	372	2
459	4	3
498	275	20
765	144	20
979	324	22
91	249	4
105	11	2
12	69	5
146	73	4
365	267	39
426	110	6
1073	71	3
79	167	2
459	296	4
682	236	20
113	12	3
655	401	3
956	117	3
1092	89	2
801	255	4
771	1	6
367	157	2
797	104	18
702	198	2
99	264	5
1067	129	2
654	242	3
310	180	2
685	338	2
71	223	3
630	170	9
359	12	2
774	96	2
98	262	6
434	150	17
905	30	2
364	154	2
456	280	2
39	68	5
1171	77	3
1058	75	6
634	18	2
697	231	2
516	42	3
1193	331	3
985	14	2
985	15	2
313	126	4
1091	74	19
612	110	8
98	207	2
759	407	2
1150	306	5
587	43	2
290	28	3
822	149	3
1152	70	2
751	159	2
712	104	8
784	291	2
696	12	5
842	86	15
183	152	2
928	90	2
805	335	3
586	52	4
221	42	6
543	313	2
196	33	14
389	149	4
65	98	2
682	277	3
743	105	5
450	234	21
301	23	2
809	117	6
68	114	2
314	96	4
319	130	3
563	117	6
207	40	2
307	109	2
701	389	3
1004	160	5
1044	258	4
1035	149	3
529	139	2
1043	198	3
25	79	17
696	205	4
1047	232	3
546	393	43
1047	53	8
1049	105	26
924	149	7
870	109	2
197	186	2
862	128	4
367	103	9
734	104	4
292	169	4
1047	141	4
1102	96	9
910	385	2
569	95	2
382	99	3
572	304	6
453	108	7
289	1	2
1109	272	2
934	192	4
998	105	2
374	104	2
931	292	6
66	151	19
556	197	2
971	110	8
557	371	2
510	231	3
703	80	3
988	342	2
95	18	8
535	174	12
867	232	2
162	86	2
208	250	2
571	135	3
325	3	2
80	235	2
795	51	2
510	95	2
249	129	2
857	98	6
326	151	7
1193	269	6
596	30	2
786	217	3
287	105	8
110	105	2
862	99	2
990	82	2
754	141	14
275	280	7
1077	311	4
1031	175	4
657	288	5
273	7	2
1019	359	2
1074	3	3
1070	229	3
584	53	2
496	149	5
878	269	4
735	129	2
422	1	11
931	80	6
610	193	3
1149	334	3
821	82	2
1084	159	4
620	105	7
869	162	2
598	12	20
1120	39	2
812	156	2
947	190	3
641	188	3
830	411	6
568	10	2
949	87	9
582	132	6
1028	96	5
860	114	2
977	168	4
433	159	4
1030	128	4
1162	165	5
1074	11	5
1089	162	2
718	174	6
1113	293	10
669	33	5
17	101	7
223	174	2
1004	109	6
588	202	6
228	68	2
92	253	6
1038	128	3
826	68	3
629	15	2
790	375	4
446	109	20
844	204	2
636	53	8
393	151	5
459	42	2
1182	402	21
675	154	2
493	162	9
572	2	2
746	66	9
1034	357	5
135	11	2
799	258	8
1036	88	3
1066	231	5
311	322	2
916	242	23
686	149	11
139	65	2
82	136	2
1038	135	2
897	104	3
172	11	6
386	83	2
355	168	5
983	379	3
5	32	3
227	228	4
151	116	2
807	105	3
554	12	8
262	67	2
1064	150	2
242	332	4
515	389	2
646	230	9
766	43	4
605	105	10
681	39	2
102	98	2
92	131	17
1037	24	2
1097	128	78
1153	385	2
130	295	4
578	132	3
348	273	2
879	404	2
861	26	6
43	43	4
812	241	3
832	170	4
124	292	5
703	232	4
821	1	2
1092	284	2
205	173	8
482	1	3
744	269	9
308	204	5
235	59	2
301	12	9
559	43	2
1074	160	3
379	180	14
153	162	4
33	0	2
29	125	6
746	81	2
69	220	4
801	353	6
126	105	2
859	112	3
106	97	2
175	161	2
35	43	10
872	245	2
143	11	4
696	15	4
517	117	12
165	104	18
433	11	12
1185	319	2
31	151	2
83	51	2
1039	162	3
793	124	3
1067	355	3
342	76	14
432	63	5
844	152	2
683	380	3
1189	197	3
392	323	3
220	23	11
199	199	4
124	293	4
485	258	12
402	341	12
296	117	2
775	105	6
229	79	4
448	128	2
1172	167	2
963	23	3
439	297	2
678	389	9
791	194	23
926	173	6
527	4	3
1016	20	3
879	141	2
847	231	2
38	43	9
954	96	6
895	76	2
1094	104	3
789	117	2
805	173	3
749	297	2
46	33	5
269	105	4
23	92	2
292	254	2
183	96	2
851	257	3
831	264	7
14	92	2
676	258	3
684	105	2
757	47	4
986	41	4
285	151	5
671	160	13
235	258	3
287	233	3
244	43	6
1147	2	2
416	105	7
230	324	2
977	385	2
315	87	7
604	269	7
760	40	2
130	94	2
1081	331	2
154	317	20
1139	154	5
232	181	2
1070	122	3
1	11	91
636	23	8
613	286	16
122	291	7
345	151	12
488	339	2
541	67	4
602	195	3
590	3	2
650	68	2
157	233	17
1097	79	72
496	151	25
1037	296	6
763	51	4
32	157	4
392	325	3
417	155	2
693	47	83
732	197	3
617	167	2
288	329	3
350	131	47
482	151	9
751	105	4
1081	110	3
464	14	6
164	150	7
181	99	13
667	151	2
345	79	13
656	128	14
611	368	4
336	130	13
987	255	9
908	202	18
55	195	2
524	11	2
438	117	2
516	203	3
1059	10	3
106	129	3
1029	152	2
667	360	2
416	167	3
488	10	8
759	101	12
898	68	3
1095	114	2
958	319	2
794	101	3
104	158	3
137	186	2
1104	181	4
402	17	6
795	141	3
141	178	2
876	151	10
777	217	2
466	155	2
113	269	8
725	43	3
522	386	31
699	151	4
518	96	6
383	3	2
1020	282	5
1120	11	2
285	77	2
689	69	4
326	101	9
423	151	4
283	124	2
420	3	3
181	106	3
915	10	2
947	1	2
281	124	2
346	2	5
193	346	13
549	74	4
30	144	2
552	12	13
1085	209	2
1180	173	3
838	195	7
539	361	5
728	17	5
925	23	2
326	94	28
3	22	2
306	12	2
984	210	2
1160	204	2
1150	267	33
28	128	9
21	123	6
162	204	2
653	150	2
185	341	2
1033	206	2
118	189	3
567	69	3
703	95	11
828	222	2
420	336	2
310	68	10
931	397	11
277	269	2
106	42	5
951	151	22
641	1	3
864	341	2
572	68	2
848	38	9
743	151	7
7	56	5
404	209	3
908	84	2
1114	397	2
1108	225	5
798	282	5
455	292	4
19	118	4
469	131	4
878	105	16
756	1	5
486	380	2
286	45	8
1122	43	23
1047	257	2
675	231	2
86	69	4
618	263	2
435	197	2
1191	6	5
728	43	3
189	234	3
994	33	6
180	14	2
1172	84	4
237	188	2
365	389	5
532	119	3
1099	43	3
419	167	4
243	129	4
1054	42	2
404	128	4
158	194	4
161	112	13
813	150	3
901	130	4
202	45	4
95	105	6
347	1	2
182	213	3
211	187	2
1081	403	2
370	23	2
563	10	5
63	215	4
267	351	4
213	352	2
765	328	3
1025	273	10
250	188	2
695	104	37
583	16	6
1112	168	15
842	240	2
361	89	2
10	70	2
949	154	10
276	150	4
503	125	3
1160	161	5
775	24	4
504	102	2
540	135	14
835	200	3
877	141	2
56	43	11
977	391	2
343	69	2
713	204	4
153	141	13
9	65	2
906	111	2
287	292	3
395	105	6
117	256	4
386	386	5
498	291	2
757	103	4
128	66	3
1047	258	6
488	4	7
188	51	2
101	266	2
10	71	2
319	118	4
1149	104	65
144	291	6
581	118	2
629	125	5
432	51	18
120	225	6
194	241	9
408	15	4
747	9	2
705	167	2
971	34	73
951	209	21
365	3	23
502	113	50
738	9	6
1136	106	2
161	69	5
679	163	8
938	68	5
196	43	3
423	30	2
111	103	8
1156	96	3
933	116	2
1090	106	5
491	286	5
1095	101	23
278	290	6
366	114	3
499	79	3
537	42	4
523	13	2
675	359	5
725	162	2
1013	385	15
432	188	4
553	43	5
775	23	3
1053	81	2
160	321	3
6	49	2
459	197	4
798	377	6
890	18	20
730	90	4
985	42	2
416	98	2
576	266	6
304	104	4
381	167	4
321	137	2
17	111	23
311	2	5
373	39	5
1153	149	4
66	189	2
538	104	3
1104	154	13
249	2	4
851	284	4
901	133	22
39	168	3
969	104	4
828	87	3
457	359	2
1120	89	2
27	124	7
532	338	5
964	134	2
13	84	2
1145	1	4
906	55	2
344	51	2
932	343	4
3	19	4
17	110	2
358	134	2
764	135	12
478	98	9
864	150	24
467	288	5
1031	98	10
408	133	5
246	26	4
1131	105	20
210	11	12
512	11	4
451	232	2
628	351	3
911	73	4
870	381	2
115	104	69
930	316	3
975	12	2
13	87	2
622	11	9
267	26	13
1079	28	5
66	105	2
1040	24	2
1033	43	5
0	3	2
478	42	55
272	286	5
215	10	5
150	215	2
882	315	4
521	368	2
1001	135	10
824	154	2
488	378	2
990	316	2
379	43	2
591	65	2
1129	182	3
506	1	5
586	151	10
666	189	2
1079	14	5
396	12	2
739	164	28
1048	17	2
880	3	4
178	4	6
629	24	4
197	108	3
1123	47	4
627	173	7
1093	410	2
1065	234	8
61	211	35
482	72	5
510	211	4
892	53	3
138	258	2
623	114	8
953	409	3
188	344	4
253	188	2
161	168	4
1080	304	4
845	364	10
421	113	5
368	40	2
36	161	63
564	30	2
555	77	4
40	131	6
190	227	3
250	141	2
945	95	2
309	150	2
590	198	3
837	200	15
224	219	4
429	23	46
1090	353	4
203	26	4
831	26	6
895	42	2
23	42	3
246	174	4
785	4	5
547	42	4
946	104	50
593	128	4
570	42	22
883	309	3
512	136	23
1175	45	2
1015	19	7
134	129	2
867	329	6
989	211	2
58	202	16
1020	344	27
34	159	2
798	135	2
988	382	4
333	117	10
385	12	11
455	196	5
948	68	2
494	3	6
684	79	3
691	96	2
884	79	3
761	304	2
920	160	2
577	33	10
841	99	2
885	231	3
921	3	74
586	233	6
681	159	2
434	149	4
1050	19	17
401	216	17
1064	136	4
736	290	6
273	171	2
1071	384	55
378	43	4
1026	289	2
990	161	3
830	292	2
348	102	3
246	200	3
875	51	2
606	27	2
6	47	5
1140	107	2
947	101	2
970	162	3
879	4	2
838	225	3
957	11	2
1122	7	2
464	16	2
803	141	4
302	30	7
322	17	3
71	63	2
974	259	3
505	154	10
631	401	3
692	161	23
904	106	2
634	354	6
1134	119	2
553	12	62
400	2	4
1122	35	3
750	30	2
1106	96	8
121	244	2
517	4	8
397	221	2
610	26	4
320	45	4
139	10	11
261	104	3
480	110	4
858	23	3
873	1	5
806	106	7
1057	79	3
3	21	2
803	86	2
589	28	5
911	101	2
688	69	2
1033	11	2
580	178	7
830	278	2
41	42	2
550	380	3
407	315	2
1055	100	5
529	163	3
389	160	2
683	338	2
947	79	3
1001	141	16
710	210	2
1113	62	5
646	9	7
783	219	34
17	105	18
599	92	13
622	10	2
1157	158	6
656	110	11
554	42	4
732	3	3
294	15	4
480	13	6
757	117	3
803	110	2
854	150	2
330	363	4
831	178	5
336	11	13
1047	353	2
1144	263	7
462	42	5
571	63	4
1149	204	2
1034	410	5
863	188	2
172	173	3
142	96	2
1041	386	4
1105	264	9
918	12	11
425	69	4
776	159	9
759	150	6
7	30	2
37	128	35
269	167	3
253	117	2
777	269	5
131	150	6
785	151	3
711	173	2
723	66	2
632	30	15
561	23	4
347	155	21
501	344	2
398	209	2
487	237	2
660	144	5
584	257	3
235	187	3
1126	149	81
637	129	3
949	63	7
579	42	8
303	42	9
1119	76	2
893	17	9
1060	298	5
995	149	10
149	228	2
1188	149	9
1166	96	2
637	4	2
613	151	3
949	48	3
731	96	2
311	10	2
498	173	7
910	151	3
823	125	3
704	106	2
43	68	7
980	66	3
424	17	3
811	104	4
883	89	2
1138	33	3
333	119	5
878	63	2
892	292	3
170	330	8
520	36	9
526	99	2
226	327	13
808	40	2
78	165	2
177	51	7
234	33	14
934	98	4
200	2	6
675	159	5
950	324	3
885	105	2
683	51	2
360	150	4
606	65	3
376	88	2
324	228	2
712	79	2
155	319	3
586	167	2
1178	100	2
502	69	29
878	331	4
1026	42	2
1173	43	2
688	141	2
758	23	2
906	63	2
762	269	3
107	245	2
309	378	2
1011	263	10
993	98	4
1003	99	9
185	139	9
480	249	3
903	12	6
730	88	2
273	14	2
914	12	5
979	101	4
244	195	3
757	188	9
981	39	4
148	181	3
458	248	2
335	98	5
160	15	15
695	249	2
996	188	5
893	337	2
1170	152	6
645	51	2
1020	234	41
243	143	2
625	296	5
419	206	4
801	51	14
51	51	4
519	101	25
799	197	5
154	318	4
1017	86	6
660	42	2
240	99	5
887	22	7
145	309	2
249	39	2
336	105	2
652	304	7
784	150	2
862	376	3
683	178	2
13	90	2
557	42	3
62	10	5
549	103	2
937	73	2
1023	198	2
764	159	5
549	65	3
526	104	2
1101	71	8
1164	96	3
889	26	7
1152	331	2
627	26	7
263	293	24
934	8	3
136	252	8
948	23	4
944	71	2
1094	196	6
316	325	4
595	155	5
178	162	2
194	123	2
1014	42	2
932	302	14
1190	272	3
667	105	22
1177	151	2
924	391	9
599	356	8
534	135	6
189	104	5
863	257	4
560	96	15
389	327	2
974	293	5
886	149	2
875	89	6
737	98	3
364	3	2
1022	170	2
1118	71	2
632	38	17
785	167	6
652	187	5
768	250	2
760	15	2
432	4	2
393	104	10
245	103	2
75	96	2
702	313	2
239	23	2
689	359	2
14	44	11
307	101	3
49	2	3
299	101	2
1035	131	2
949	1	5
1128	101	2
832	33	3
615	23	19
938	15	39
480	267	3
1131	4	2
992	13	5
5	39	4
888	136	2
864	275	6
1062	76	2
711	264	4
608	65	2
641	3	3
7	54	17
1072	25	10
779	108	33
1047	51	7
1051	68	3
1119	227	2
643	117	10
142	273	2
1087	104	20
1138	341	14
235	53	2
623	103	11
296	380	2
134	299	6
755	81	4
247	66	17
68	151	7
528	210	7
62	36	3
6	46	2
596	173	3
706	112	3
554	30	2
525	76	2
1079	388	18
906	248	2
778	42	2
447	12	6
916	105	2
455	4	3
648	95	2
823	167	29
672	105	2
431	57	2
728	68	12
48	105	3
1133	87	4
1101	309	4
186	151	8
216	272	2
904	11	5
874	250	2
291	42	4
1179	274	2
464	131	6
316	114	3
189	235	2
664	407	5
800	227	2
374	212	2
1118	65	3
727	4	2
33	90	3
162	128	3
529	336	4
610	23	6
756	151	4
592	263	2
577	43	5
30	147	9
352	147	6
756	47	6
480	68	4
122	211	11
674	32	5
470	36	13
772	161	34
441	105	9
484	209	3
1071	295	16
254	42	6
112	42	5
240	302	2
551	12	4
881	143	2
366	291	2
141	221	20
48	151	9
1008	117	2
682	354	9
447	7	3
661	118	2
348	333	2
455	105	3
364	69	3
694	158	4
5	41	5
1170	235	2
530	43	6
818	214	2
331	258	6
1046	24	6
644	89	4
875	232	2
851	86	2
349	192	2
860	51	2
85	65	8
975	33	10
668	263	43
1049	113	2
773	194	3
857	53	4
1055	79	4
409	150	27
795	4	2
508	24	2
588	95	63
1170	72	6
1072	188	3
363	196	2
755	33	6
695	128	3
317	8	4
798	51	2
658	65	2
113	1	2
160	131	3
75	103	9
11	69	2
293	89	2
668	40	104
573	117	16
882	105	3
202	258	2
112	43	16
136	164	4
1137	317	4
1019	63	5
949	51	4
474	250	3
703	209	3
1183	135	21
488	14	2
81	237	2
1184	293	34
443	3	5
1042	167	63
972	136	2
277	243	2
895	33	5
1136	162	8
394	150	2
164	326	19
566	98	2
149	104	7
555	298	2
1122	2	2
483	4	4
1108	408	2
452	68	12
268	174	3
437	21	7
848	31	3
1132	333	3
1186	181	4
1123	343	3
62	37	17
509	241	9
859	88	5
959	167	3
915	68	3
469	123	2
14	94	21
1180	95	10
1168	96	2
406	96	5
576	2	9
101	17	4
729	325	2
9	68	4
694	8	2
7	57	9
1068	132	2
988	133	6
1047	154	2
664	292	2
474	333	4
1007	128	5
970	231	25
968	173	2
619	7	2
795	58	4
205	227	3
274	46	2
11	76	2
857	51	2
828	28	2
472	56	7
108	128	3
695	326	3
960	316	3
260	306	4
948	197	4
258	51	3
163	324	3
1072	123	2
401	211	3
146	3	2
392	81	3
718	44	7
4	26	17
973	87	3
151	43	4
648	162	5
100	266	2
443	12	9
925	104	5
1058	402	6
1104	114	2
1037	7	2
669	42	5
1099	356	5
24	15	3
62	70	4
615	68	5
575	42	15
47	24	6
721	352	6
205	193	2
1146	151	4
946	109	12
69	109	7
668	258	17
870	177	26
823	119	4
594	170	2
498	200	3
644	16	2
56	29	5
477	170	7
616	105	2
481	397	14
140	231	6
813	166	12
980	79	2
125	141	2
842	190	2
558	151	3
877	59	17
510	110	3
532	167	4
970	202	20
965	105	2
227	42	6
432	355	14
15	95	2
1162	71	5
899	105	2
1149	69	37
714	236	5
532	239	3
427	2	2
347	232	3
285	33	2
116	232	2
1014	15	2
1159	355	8
781	96	4
756	257	5
1047	134	2
783	51	2
648	144	2
1005	2	6
1114	122	2
215	24	6
1008	95	6
633	82	8
577	197	7
115	203	2
33	117	2
601	289	3
1010	125	3
484	132	3
960	87	2
340	201	3
46	96	2
434	385	4
1014	212	39
863	63	2
410	354	2
1173	35	7
1036	105	4
599	317	39
137	303	4
565	2	3
443	2	5
251	109	2
1129	320	2
376	246	2
1112	204	2
962	117	8
478	304	2
93	155	12
412	151	4
898	96	3
989	51	5
345	169	3
857	181	2
196	173	5
1044	396	3
676	200	3
588	51	2
218	11	4
1175	39	2
203	89	3
341	285	5
535	42	5
839	339	3
785	129	4
44	77	29
456	10	4
176	150	5
1088	209	2
342	12	6
1041	20	6
584	51	13
845	180	7
237	105	45
37	1	5
615	73	5
437	8	2
794	105	2
1072	206	8
706	110	2
937	295	4
537	134	5
1100	30	10
790	79	15
699	122	2
654	124	2
305	12	30
454	167	2
1190	231	7
1088	162	2
610	109	3
504	117	2
686	218	5
216	239	2
562	92	4
258	117	40
865	109	9
419	117	2
1051	69	9
602	39	5
217	236	2
928	104	2
224	104	35
316	150	6
580	68	38
634	10	3
258	167	2
835	258	16
527	315	2
918	43	10
377	159	10
342	42	27
1098	188	10
113	281	2
258	4	82
738	4	3
379	125	6
609	155	5
833	66	10
395	1	20
643	226	4
643	46	6
441	349	3
389	10	3
272	89	7
428	124	2
226	355	10
1130	1	15
1081	142	4
736	119	4
799	2	28
844	220	2
172	42	3
565	115	7
304	168	8
521	173	158
258	1	42
172	333	2
78	210	9
1060	4	4
1085	151	2
946	228	8
968	68	4
862	110	2
754	410	3
228	29	3
211	351	7
420	18	6
353	388	33
55	180	3
508	195	10
787	25	2
319	242	5
1049	256	3
99	42	11
434	231	2
806	4	4
1081	181	2
406	188	3
2	13	2
904	274	2
397	24	2
171	331	2
814	135	3
31	153	3
799	3	19
622	42	2
163	13	2
291	11	7
1187	123	3
821	117	2
477	105	31
621	23	5
489	96	4
1000	106	4
321	2	4
5	11	9
78	1	5
654	287	3
485	109	4
865	269	2
957	146	2
166	193	3
2	14	6
716	257	3
253	271	2
656	151	2
21	124	6
1162	98	3
199	289	2
1066	150	2
307	63	3
572	180	7
662	266	4
234	250	9
402	7	6
1077	7	11
300	151	7
969	271	6
11	74	3
506	364	3
501	107	4
1006	151	11
236	2	2
290	378	2
500	183	4
829	10	4
241	205	10
1048	209	2
1125	152	3
13	51	13
619	39	2
677	32	10
388	198	5
541	7	3
667	337	2
1193	136	2
724	11	2
1175	2	8
795	166	4
288	204	2
168	24	10
949	347	4
665	374	6
338	180	3
274	51	26
370	12	2
474	40	17
1122	45	5
492	333	17
284	289	2
119	131	8
330	74	4
119	121	2
771	163	2
238	65	12
705	95	10
299	68	9
751	95	4
652	33	2
880	269	2
992	238	2
890	379	19
1117	288	4
1150	400	7
1028	103	4
503	79	4
871	105	3
1167	73	3
1096	164	6
736	101	4
929	394	46
16	101	2
1157	311	2
225	3	10
571	309	15
1083	228	2
801	46	2
1018	407	2
931	181	10
1028	69	2
134	247	5
724	12	5
602	106	8
852	210	9
382	260	2
945	114	6
986	82	4
509	96	23
216	96	12
989	160	77
371	79	6
543	167	2
332	68	2
849	257	4
804	204	3
879	223	2
796	151	2
792	176	7
803	122	2
360	167	45
724	198	22
724	39	2
329	151	2
430	195	12
1067	162	17
91	117	9
1000	96	2
589	257	4
523	96	2
1103	362	2
59	205	4
209	213	2
695	210	11
163	101	5
722	24	2
803	196	2
461	2	2
1091	103	2
520	51	21
169	105	5
503	366	3
42	175	3
1167	43	6
38	28	2
411	144	2
920	155	2
986	68	4
77	229	2
401	71	4
718	273	30
704	187	2
908	4	2
293	189	2
526	141	2
421	63	7
533	211	2
923	28	7
983	391	5
801	156	3
535	14	4
1177	121	2
745	10	2
571	87	3
1065	14	29
866	180	5
1095	324	2
149	207	4
402	81	7
269	118	2
863	217	8
520	4	5
297	74	2
536	54	3
690	28	2
601	211	13
203	38	2
368	306	4
436	4	9
1170	128	10
962	151	2
822	391	3
297	151	8
939	79	3
977	150	12
1101	248	4
313	124	32
1071	128	3
889	43	4
877	397	2
693	295	3
911	104	2
349	231	3
801	119	8
470	31	3
727	11	2
788	118	2
77	105	3
48	103	5
1040	26	2
1081	227	2
366	175	2
988	24	2
89	160	2
218	43	8
1092	53	4
878	96	3
486	205	3
17	104	3
428	108	17
93	105	2
761	187	3
94	81	2
1154	76	5
399	88	2
779	100	2
842	51	4
480	329	2
1183	324	3
1190	189	2
1063	350	6
934	179	12
459	310	2
809	286	2
338	51	4
414	42	4
515	1	3
230	135	2
463	42	8
146	23	12
91	79	8
973	28	7
861	68	20
342	30	8
114	121	4
220	39	2
846	95	2
1041	181	5
47	10	2
751	43	4
768	10	3
280	167	2
510	354	7
914	105	3
784	12	11
842	79	3
148	236	2
255	15	2
577	67	11
732	341	12
541	234	5
390	79	3
740	155	2
870	204	27
995	150	21
508	250	3
468	15	5
383	12	2
153	316	4
125	263	2
911	295	3
741	10	5
1157	73	4
12	78	2
878	128	9
5	45	3
1159	89	2
756	206	4
130	282	12
191	52	58
552	287	7
614	286	17
381	67	2
779	128	4
649	182	5
787	217	9
727	2	16
55	90	2
945	141	3
1185	91	4
903	308	4
566	178	5
1159	154	5
682	210	15
1080	23	4
424	125	5
726	239	12
1086	103	25
692	104	5
93	141	4
646	354	2
969	377	4
845	135	27
45	23	2
770	141	4
13	85	2
630	193	3
779	135	2
786	162	21
296	274	5
495	301	29
796	55	2
688	136	27
305	4	2
943	39	3
73	12	10
653	369	19
8	59	11
1050	145	15
349	43	6
260	12	30
187	96	2
456	43	6
137	173	4
736	165	2
1082	252	4
112	24	24
610	42	2
110	9	2
1187	163	13
528	77	6
549	107	5
612	100	2
1039	114	2
304	51	5
256	164	2
234	264	7
606	167	2
500	101	4
94	74	2
382	28	2
780	274	8
241	360	2
1159	51	16
849	300	8
1108	224	3
1094	399	3
902	151	2
902	189	2
687	23	3
233	241	2
1161	136	43
1007	151	3
631	178	11
858	231	4
288	330	4
907	234	6
752	151	6
697	337	4
411	32	3
278	372	4
790	150	5
661	389	2
25	13	11
294	10	2
936	216	3
407	229	12
1017	53	2
363	95	5
370	173	3
115	113	9
1089	203	2
333	27	4
396	232	6
765	388	20
234	43	2
811	161	2
420	30	4
941	109	7
385	178	3
781	105	2
424	339	7
252	235	3
565	198	2
316	161	6
503	390	2
376	258	2
899	144	7
1014	173	4
837	258	2
120	8	4
503	73	2
373	33	14
820	114	40
1110	329	6
179	110	3
572	51	2
553	173	9
839	89	3
398	150	21
1141	135	2
584	87	7
204	298	7
162	104	2
838	240	4
1157	71	4
271	345	7
516	12	3
743	96	2
549	112	2
904	133	3
632	42	8
1151	107	3
1078	241	6
431	118	19
420	394	4
599	285	12
902	125	3
1008	1	3
8	0	2
641	156	2
415	3	27
1081	206	2
1101	183	2
295	276	2
93	4	4
553	2	7
502	239	12
48	128	5
825	40	14
250	99	4
500	99	8
1049	168	3
101	267	4
785	336	2
301	138	5
1115	117	2
473	252	19
89	100	5
5	44	5
918	96	54
518	104	7
782	172	2
1070	261	2
669	39	6
88	246	3
958	23	30
666	23	17
471	346	4
279	160	16
875	227	2
772	204	5
27	25	4
418	42	2
593	227	2
42	169	4
778	133	2
623	95	106
576	383	2
59	206	3
302	382	2
231	332	3
411	15	3
942	129	3
66	217	2
845	283	29
1007	111	4
494	26	3
1145	388	2
1143	398	6
94	42	3
3	20	11
275	125	4
625	225	5
542	173	6
51	192	2
56	197	9
694	222	4
204	272	8
405	71	2
168	43	2
879	248	3
933	400	2
763	359	3
261	210	30
42	38	2
736	1	2
367	155	2
957	33	3
1061	162	6
656	204	4
389	151	2
533	204	6
909	289	2
32	154	4
617	389	2
96	258	2
1012	51	26
370	42	5
410	43	6
610	344	2
353	237	10
216	188	3
281	302	8
430	42	6
1131	227	3
995	104	2
30	148	5
192	161	2
454	1	4
137	305	2
367	105	4
280	272	3
55	115	2
384	82	3
894	43	7
152	0	2
1189	221	10
715	111	2
657	51	2
932	160	2
683	23	3
135	174	2
766	23	49
1166	99	4
479	28	9
457	106	2
987	189	4
674	125	5
649	362	3
1127	151	2
905	310	6
354	141	4
339	132	2
1094	83	2
201	137	5
1105	39	4
198	23	2
883	110	3
243	297	3
779	240	6
673	125	87
379	167	3
713	320	3
556	193	9
172	214	2
260	173	2
1025	68	6
227	350	3
43	181	2
337	372	16
816	141	37
941	248	2
127	167	2
1024	220	2
87	4	2
347	90	3
979	100	9
545	270	2
41	37	10
14	30	10
344	159	17
268	40	4
225	155	2
1168	343	5
847	132	2
507	389	2
266	28	7
960	209	2
846	217	2
224	60	2
417	106	3
426	67	2
790	104	11
954	42	7
602	161	2
207	35	4
457	105	3
1187	357	5
561	394	11
409	96	49
879	96	3
336	150	6
1176	119	2
23	130	2
532	42	4
593	231	11
1031	344	7
556	2	4
832	43	4
402	195	19
754	313	6
206	51	10
1179	191	5
790	69	6
966	269	2
570	173	52
760	287	3
666	195	10
264	96	5
187	258	2
370	197	3
756	164	3
234	89	9
684	108	9
183	204	2
563	12	3
301	24	4
969	210	2
1023	43	20
194	215	3
191	15	7
996	119	2
1059	404	27
952	30	10
342	257	27
267	68	3
472	256	8
894	197	9
246	33	3
131	211	2
1106	377	2
379	17	2
430	43	10
726	327	2
379	26	2
1076	114	3
1123	51	2
1031	167	7
1193	364	3
517	119	2
545	4	17
328	178	55
490	2	3
822	69	37
72	104	3
1003	96	5
512	139	6
586	234	10
127	2	2
444	386	2
369	51	8
361	51	8
944	297	2
950	315	13
198	2	3
1032	192	7
714	151	2
461	264	10
144	77	13
622	7	7
1174	167	4
819	169	2
593	181	3
522	216	80
312	204	4
1005	33	7
785	89	3
408	341	6
118	119	2
745	3	2
774	82	19
816	4	4
139	306	19
518	231	9
92	15	3
535	2	3
