1
15
16
26
29
40
56
110
118
122
127
139
157
167
170
173
180
185
196
199
243
249
254
255
258
279
282
284
288
291
292
300
305
314
318
322
331
351
368
391
408
413
425
448
459
466
495
502
504
509
526
532
543
552
573
587
611
628
634
637
645
646
649
652
655
660
669
673
729
735
756
765
767
778
784
788
803
805
809
828
843
873
886
910
924
927
931
937
949
968
970
972
973
980
1017
1019
1029
1030
1032
1041
1050
1054
1072
1076
1116
1121
1124
1140
1165
1173
1176
1181
1187
1203
1220
1225
1238
1259
1276
1284
1294
1298
1305
1306
1309
1315
1317
1336
1360
1363
1369
1372
1378
1382
1400
1405
1419
1436
1445
1451
1457
1463
1465
1472
1477
1496
1500
1512
1529
1535
1544
1555
1558
1561
1583
1586
1588
1606
1621
1628
1635
1645
1652
1657
1658
1660
1663
1666
1676
1685
1687
1701
1736
1740
1768
1778
1781
1783
1795
1800
1806
1829
1854
1899
1912
1917
1941
1943
1951
1962
1966
1968
1979
1981
1998
2000
2014
2020
2031
2036
2047
2049
2051
2068
2071
2103
2121
2130
2147
2152
2156
2192
2198
2199
2200
2220
2243
2248
2257
2273
2274
2275
2282
2287
2293
2302
2309
2313
2331
2333
2342
2345
2348
2360
2404
2415
2424
2433
2440
2457
2458
2460
2465
2467
2468
2474
2475
2476
2478
2483
2493
2495
2496
2498
2505
2527
2537
2543
2551
2565
2573
2574
2600
2624
2628
2650
2651
2660
2663
2664
2666
2672
2692
2693
2723
2735
2738
2746
2759
2760
2774
2803
2811
2820
2829
2834
2837
2842
2854
2859
2878
2880
2886
2889
2892
2894
2910
2915
2933
2968
2976
2987
2992
2998
3009
3015
3035
3043
3052
3058
3059
3063
3103
3104
3112
3125
3128
3140
3155
3164
3199
3207
3217
3239
3260
3269
3271
3274
3277
3281
3284
3292
3293
3294
3299
3321
3326
3329
3338
3339
3341
3345
3369
3374
3380
3382
3416
3429
3441
3451
3452
3459
3463
3471
3477
3492
3501
3506
3518
3523
3534
3536
3560
3562
3563
3564
3567
3593
3594
3608
3632
3647
3675
3689
3699
3716
3728
3734
3737
3750
3766
3773
3779
3783
3788
3802
3810
3812
3828
3830
3837
3842
3850
3851
3876
3882
3886
3902
3913
3914
3915
3922
3943
3944
3950
3955
3966
3973
3977
3978
3979
3984
3986
3991
3994
3999
4013
4014
4017
4060
4091
4111
4121
4122
4134
4136
4150
4160
4164
4165
4167
4173
4184
4188
4192
4195
4199
4205
4232
4240
4307
4312
4320
4332
4333
4344
4358
4361
4364
4369
4372
4385
4395
4410
4422
4427
4432
4436
4438
4456
4461
4471
4484
4519
4520
4523
4537
4540
4554
4570
4581
4584
4593
4602
4611
4616
4618
4667
4675
4680
4683
4688
4702
4704
4706
4726
4732
4740
4743
4750
4775
4778
4779
4783
4785
4790
4792
4796
4802
4825
4836
4844
4905
4913
4933
4942
4947
4954
4963
4966
4975
4999
5000
5004
5012
5032
5060
5077
5092
5114
5121
5124
5131
5133
5135
5155
5165
5177
5182
5183
5195
5203
5204
5212
5230
5236
5240
5280
5295
5311
5318
5319
5327
5329
5345
5357
5360
5361
5363
5365
5370
5375
5380
5390
5410
5415
5416
5436
5443
5448
5460
5479
5499
5504
5505
5510
5526
5567
5568
5571
5582
5596
5602
5620
5624
5627
5631
5657
5677
5679
5683
5713
5732
5751
5758
5761
5777
5781
5788
5801
5802
5820
5826
5837
5844
5846
5852
5855
5883
5909
5916
5923
5926
5944
5990
5997
6012
6013
6021
6027
6033
6036
6072
6076
6088
6089
6091
6093
6098
6126
6129
6151
6161
6162
6163
6164
6184
6186
6191
6200
6221
6227
6236
6246
6277
6286
6324
6331
6336
6354
6399
6407
6411
6438
6442
6485
6504
6508
6514
6521
6524
6527
6528
6547
6548
6555
6566
6575
6576
6609
6622
6623
6635
6639
6650
6668
6684
6688
6696
6712
6716
6718
6748
6753
6754
6760
6768
6770
6817
6838
6839
6852
6860
6861
6867
6872
6926
6943
6962
6994
6999
7000
7005
7013
7021
7034
7040
7052
7090
7119
7132
7150
7151
7152
7172
7186
7193
7197
7199
7203
7204
7215
7224
7242
7247
7256
7271
7273
7280
7315
7329
7391
7393
7443
7445
7446
7458
7461
7482
7495
7506
7537
7549
7559
7562
7579
7591
7614
7629
7631
7634
7636
7639
7660
7677
7684
7688
7697
7701
7703
7712
7715
7722
7727
7730
7746
7748
7770
7772
7776
7783
7790
7796
7803
7813
7830
7833
7847
7851
7853
7854
7857
7875
7878
7879
7906
7936
7940
7941
7949
7966
7968
7973
7974
8007
8012
8018
8026
8030
8043
8050
8068
8078
8081
8090
8091
8094
8144
8151
8172
8179
8180
8181
8190
8211
8214
8218
8250
8252
8255
8269
8272
8306
8314
8321
8362
8365
8379
8391
8400
8406
8455
8460
8471
8484
8485
8503
8504
8513
8519
8542
8551
8554
8578
8585
8591
8597
8598
8633
8657
8663
8693
8699
8700
8701
8702
8709
8749
8765
8767
8780
8796
8810
8838
8858
8870
8878
8894
8896
8920
8923
8935
8938
8941
8950
8952
8961
8987
8994
8997
9011
9012
9018
9019
9026
9039
9047
9075
9084
9092
9117
9126
9139
9143
9153
9160
9170
9179
9181
9184
9191
9194
9197
9206
9209
9210
9211
9222
9224
9240
9241
9262
9292
9302
9316
9328
9329
9342
9355
9357
9361
9366
9368
9411
9419
9427
9444
9469
9470
9485
9488
9505
9516
9517
9530
9535
9553
9561
9567
9592
9594
9595
9603
9614
9615
9632
9643
9646
9661
9669
9673
9682
9688
9691
9693
9704
9709
9713
9723
9726
9728
9743
9753
9756
9771
9782
9788
9797
9800
9810
9815
9822
9833
9852
9861
9877
9885
9904
9928
9930
9933
9939
9941
9952
9981
10008
10009
10014
10015
10017
10023
10025
10053
10067
10075
10077
10079
10105
10150
10165
10166
10173
10177
10181
10191
10213
10219
10232
10235
10243
10244
10249
10252
10258
10260
10265
10266
10276
10279
10285
10294
10298
10309
10312
10313
10340
10362
10373
10382
10390
10431
10440
10445
10454
10455
10462
10469
10477
10487
10504
10506
10510
10511
10517
10532
10534
10552
10555
10562
10572
10573
10577
10588
10591
10636
10642
10643
10668
10671
10672
10683
10701
10727
10742
10754
10761
10762
10772
10782
10793
10794
10804
10814
10832
10845
10863
10869
10876
10878
10910
10922
10943
10950
10955
10957
10965
10969
10980
11006
11037
11038
11064
11072
11073
11089
11101
11110
11113
11118
11121
11125
11130
11137
11145
11164
11170
11190
11192
11198
11212
11224
11233
11239
11240
11259
11273
11277
11317
11321
11324
11328
11334
11350
11358
11359
11376
11380
11384
11396
11397
11399
11416
11429
11471
11473
11482
11486
11515
11518
11523
11528
11536
11543
11546
11560
11562
11573
11577
11579
11581
11595
11613
11620
11631
11632
11639
11641
11684
11686
11688
11689
11694
11700
11715
11734
11745
11754
11756
11761
11777
11783
11784
11787
11809
11818
11820
11838
11849
11852
11866
11882
11895
11900
11915
11916
11919
11924
11925
11926
11941
11954
11956
11960
11962
11968
12001
12006
12008
12010
12028
12029
12030
12061
12063
12076
12087
12114
12131
12137
12148
12159
12161
12172
12175
12177
12185
12191
12193
12198
12202
12205
12211
12217
12221
12240
12241
12245
12265
12282
12283
12313
12324
12325
12342
12346
12353
12358
12367
12368
12372
12375
12395
12408
12410
12411
12429
12430
12460
12465
12468
12469
12474
12481
12482
12503
12517
12526
12528
12534
12539
12540
12553
12555
12559
12567
12608
12611
12612
12613
12616
12627
12633
12639
12647
12649
12650
12656
12663
12664
12665
12668
12673
12679
12734
12742
12749
12762
12775
12790
12798
12810
12848
12856
12857
12861
12867
12878
12883
12884
12898
12901
12912
12918
12934
12935
12938
12959
12984
12996
